,iteration,time,id,x,y,dx,dy
0,0,0.0,0,337.42044,97.54593,-5.5795593,0.54592896
1,1,0.001,0,337.5539,97.54246,0.13345337,-0.0034713745
2,2,0.002,0,342.6868,97.09804,5.132904,-0.44441986
3,3,0.003,0,348.43082,98.30015,5.7440186,1.2021103
4,4,0.004,0,352.40475,98.95969,3.973938,0.65953827
5,5,0.005,0,352.17374,98.505936,-0.23101807,-0.4537506
6,6,0.006,0,347.68942,98.29144,-4.484314,-0.2144928
7,7,0.007,0,342.34058,97.39367,-5.3488464,-0.89777374
8,8,0.008,0,337.63812,98.1455,-4.7024536,0.75183105
9,9,0.009,0,337.55606,97.696815,-0.08206177,-0.4486847
10,10,0.01,0,342.24503,97.48719,4.688965,-0.20962524
11,11,0.011,0,349.0416,98.45619,6.79657,0.96900177
12,12,0.012,0,351.28625,98.3897,2.2446594,-0.06649017
13,13,0.013,0,351.28207,98.371056,-0.004180908,-0.01864624
14,14,0.014,0,346.19388,98.75279,-5.088196,0.38173676
15,15,0.015,0,340.19437,97.52565,-5.9995117,-1.2271423
16,16,0.016,0,337.87006,97.89245,-2.3243103,0.3667984
17,17,0.017,0,338.5577,97.360725,0.6876526,-0.531723
18,18,0.018,0,344.05478,97.86667,5.4970703,0.5059433
19,19,0.019,0,350.21283,98.40867,6.1580505,0.5419998
20,20,0.02,0,351.97665,98.24318,1.7638245,-0.1654892
21,21,0.021,0,350.20074,98.52414,-1.7759094,0.28096008
22,22,0.022,0,344.37988,97.890045,-5.820862,-0.63409424
23,23,0.023,0,339.88782,97.032265,-4.4920654,-0.85778046
24,24,0.024,0,337.4528,96.765396,-2.435028,-0.2668686
25,25,0.025,0,338.7407,96.4453,1.2879028,-0.32009888
26,26,0.026,0,344.8421,97.06158,6.10141,0.6162796
27,27,0.027,0,350.09262,97.546074,5.250519,0.48449707
28,28,0.028,0,351.83426,98.03535,1.7416382,0.48927307
29,29,0.029,0,349.6242,97.79198,-2.2100525,-0.24337006
30,30,0.03,0,343.58447,96.05036,-6.039734,-1.7416153
31,31,0.031,0,338.3725,95.70676,-5.211975,-0.34360504
32,32,0.032,0,336.99203,95.33811,-1.3804626,-0.3686447
33,33,0.033,0,339.55106,95.9126,2.559021,0.5744858
34,34,0.034,0,345.73563,96.20657,6.1845703,0.29397583
35,35,0.035,0,350.6725,96.430466,4.936859,0.22389221
36,36,0.036,0,351.21542,96.47049,0.54293823,0.040023804
37,37,0.037,0,348.45502,96.427895,-2.7604065,-0.04259491
38,38,0.038,0,341.41498,95.38103,-7.040039,-1.0468674
39,39,0.039,0,336.88245,95.10952,-4.5325317,-0.27150726
40,40,0.04,0,336.7697,94.7928,-0.11273193,-0.31671906
41,41,0.041,0,340.54703,94.64807,3.7773132,-0.14472961
42,42,0.042,0,345.81866,95.70786,5.271637,1.0597916
43,43,0.043,0,350.536,95.703255,4.717346,-0.0046081543
44,44,0.044,0,350.53607,95.70326,6.1035156e-05,7.6293945e-06
45,45,0.045,0,345.80045,95.71225,-4.735626,0.008987427
46,46,0.046,0,340.4411,94.6186,-5.3593445,-1.0936508
47,47,0.047,0,335.6573,94.245476,-4.7838135,-0.37312317
48,48,0.048,0,335.65735,94.24535,6.1035156e-05,-0.00012207031
49,49,0.049,0,337.91995,96.2544,2.2626038,2.0090485
50,50,0.05,0,344.39664,97.89562,6.4766846,1.6412201
51,51,0.051,0,347.63922,97.87372,3.2425842,-0.021903992
52,52,0.052,0,346.6329,97.8784,-1.0063171,0.0046844482
53,53,0.053,0,342.34338,97.29135,-4.2895203,-0.5870514
54,54,0.054,0,335.61847,97.3139,-6.7249146,0.02255249
55,55,0.055,0,332.03748,97.11175,-3.5809937,-0.20215607
56,56,0.056,0,332.48615,97.379265,0.44866943,0.2675171
57,57,0.057,0,330.9901,109.74924,-1.4960327,12.369972
58,58,0.058,0,324.06454,124.77878,-6.9255676,15.029541
59,59,0.059,0,321.78406,124.58681,-2.280487,-0.19197083
60,60,0.06,0,323.91467,124.40822,2.1306152,-0.17858887
61,61,0.061,0,329.2767,123.8802,5.36203,-0.52801514
62,62,0.062,0,337.75388,89.498116,8.477173,-34.382088
63,63,0.063,0,334.58856,89.17708,-3.1653137,-0.3210373
64,64,0.064,0,333.78732,93.21234,-0.801239,4.035263
65,65,0.065,0,336.41315,117.76476,2.625824,24.552422
66,66,0.066,0,341.2173,120.831215,4.804138,3.066452
67,67,0.067,0,343.21674,120.831474,1.9994507,0.0002593994
68,68,0.068,0,340.968,120.831665,-2.2487488,0.00019073486
69,69,0.069,0,335.19717,119.96191,-5.770813,-0.8697586
70,70,0.07,0,329.36633,119.98967,-5.830841,0.027763367
71,71,0.071,0,330.01923,118.60167,0.65289307,-1.3880005
72,72,0.072,0,328.62302,126.79053,-1.3962097,8.188858
73,73,0.073,0,317.45224,176.29387,-11.170776,49.50334
74,74,0.074,0,313.03574,199.99477,-4.416504,23.700897
75,75,0.075,0,312.53137,200.13667,-0.504364,0.14190674
76,76,0.076,0,302.0029,24.553146,-10.528473,-175.58353
77,77,0.077,0,302.0029,24.553146,0.0,0.0
78,78,0.078,0,302.0029,24.553146,0.0,0.0
79,79,0.079,0,302.0029,24.553146,0.0,0.0
80,80,0.08,0,302.0016,24.55332,-0.0013122559,0.00017356873
81,81,0.081,0,301.97406,24.567396,-0.027526855,0.014076233
82,82,0.082,0,301.97406,24.567396,0.0,0.0
83,83,0.083,0,301.96896,24.566696,-0.0050964355,-0.00069999695
84,84,0.084,0,301.96573,24.562645,-0.0032348633,-0.0040512085
85,85,0.085,0,301.96536,24.562737,-0.00036621094,9.1552734e-05
86,86,0.086,0,301.9716,24.563194,0.006225586,0.00045776367
87,87,0.087,0,301.9716,24.563194,0.0,0.0
88,88,0.088,0,301.9716,24.563194,0.0,0.0
89,89,0.089,0,301.9716,24.563194,0.0,0.0
90,90,0.09,0,301.9716,24.563194,0.0,0.0
91,91,0.091,0,301.9716,24.563194,0.0,0.0
92,92,0.092,0,301.96832,24.565638,-0.0032653809,0.0024433136
93,93,0.093,0,301.96832,24.565638,0.0,0.0
94,94,0.094,0,301.96832,24.565638,0.0,0.0
95,95,0.095,0,301.96832,24.565638,0.0,0.0
96,96,0.096,0,301.94522,24.55809,-0.023101807,-0.0075473785
97,97,0.097,0,301.94522,24.55809,0.0,0.0
98,98,0.098,0,301.94522,24.55809,0.0,0.0
99,99,0.099,0,301.9424,24.606335,-0.0028076172,0.048244476
100,100,0.1,0,301.9424,24.606335,0.0,0.0
101,101,0.101,0,301.9424,24.606335,0.0,0.0
102,102,0.102,0,301.9424,24.606335,0.0,0.0
103,103,0.103,0,301.94006,24.60774,-0.0023498535,0.001405716
104,104,0.104,0,301.93994,24.607645,-0.00012207031,-9.536743e-05
105,105,0.105,0,301.93994,24.607645,0.0,0.0
106,106,0.106,0,301.93994,24.607645,0.0,0.0
107,107,0.107,0,301.93994,24.607645,0.0,0.0
108,108,0.108,0,301.92358,24.607454,-0.016357422,-0.00019073486
109,109,0.109,0,301.9499,24.545895,0.026306152,-0.061559677
110,110,0.11,0,302.00308,24.558512,0.05319214,0.012617111
111,111,0.111,0,305.37204,24.441175,3.3689575,-0.11733627
112,112,0.112,0,304.37283,24.315882,-0.99920654,-0.12529373
113,113,0.113,0,304.68506,24.354992,0.31222534,0.039110184
114,114,0.114,0,303.95636,24.320358,-0.72869873,-0.034633636
115,115,0.115,0,303.37585,24.28912,-0.5805054,-0.031238556
116,116,0.116,0,303.47275,23.91444,0.09689331,-0.37467957
117,117,0.117,0,303.48834,23.918203,0.015594482,0.0037631989
118,118,0.118,0,303.70987,23.97973,0.2215271,0.061527252
119,119,0.119,0,303.6546,24.119177,-0.055267334,0.13944626
120,120,0.12,0,303.49493,24.151838,-0.15966797,0.032661438
121,121,0.121,0,303.49603,24.151115,0.0010986328,-0.00072288513
122,122,0.122,0,303.4967,24.15503,0.0006713867,0.0039138794
123,123,0.123,0,303.49493,24.154638,-0.0017700195,-0.00039100647
124,124,0.124,0,303.50162,24.162588,0.0066833496,0.007949829
125,125,0.125,0,303.48813,24.161926,-0.0134887695,-0.00066185
126,126,0.126,0,303.48926,24.161377,0.0011291504,-0.0005493164
127,127,0.127,0,303.4869,24.15566,-0.0023498535,-0.005716324
128,128,0.128,0,303.47998,24.163237,-0.0069274902,0.007575989
129,129,0.129,0,303.47998,24.163237,0.0,0.0
130,130,0.13,0,303.49084,24.164139,0.010864258,0.0009021759
131,131,0.131,0,303.48544,24.164955,-0.0054016113,0.0008163452
132,132,0.132,0,303.4827,24.166964,-0.002746582,0.002008438
133,133,0.133,0,303.4827,24.166964,0.0,0.0
134,134,0.134,0,303.4827,24.166964,0.0,0.0
135,135,0.135,0,303.4871,24.167091,0.0043945312,0.00012779236
136,136,0.136,0,303.4946,24.092402,0.007507324,-0.074689865
137,137,0.137,0,303.7688,24.171377,0.27420044,0.07897568
138,138,0.138,0,304.05283,24.02583,0.2840271,-0.14554787
139,139,0.139,0,303.919,24.051828,-0.13381958,0.02599907
140,140,0.14,0,304.00137,24.026443,0.08236694,-0.025384903
141,141,0.141,0,304.00137,24.026443,0.0,0.0
142,142,0.142,0,304.00137,24.026443,0.0,0.0
143,143,0.143,0,304.00137,24.026443,0.0,0.0
144,144,0.144,0,303.99896,24.026438,-0.0024108887,-5.722046e-06
145,145,0.145,0,303.99753,24.026525,-0.0014343262,8.773804e-05
146,146,0.146,0,303.99423,24.026493,-0.0032958984,-3.2424927e-05
147,147,0.147,0,304.0002,24.027971,0.0059814453,0.0014781952
148,148,0.148,0,304.0002,24.027971,0.0,0.0
149,149,0.149,0,304.0002,24.027971,0.0,0.0
150,150,0.15,0,304.0002,24.027971,0.0,0.0
151,151,0.151,0,304.0002,24.027971,0.0,0.0
152,152,0.152,0,303.60352,24.005367,-0.396698,-0.022603989
153,153,0.153,0,303.60352,24.005367,0.0,0.0
154,154,0.154,0,303.60352,24.005367,0.0,0.0
155,155,0.155,0,303.5888,24.005413,-0.014709473,4.5776367e-05
156,156,0.156,0,302.54834,23.973143,-1.0404663,-0.03227043
157,157,0.157,0,302.09644,24.38391,-0.4519043,0.4107666
158,158,0.158,0,302.0973,24.29672,0.0008544922,-0.08718872
159,159,0.159,0,302.38547,24.35975,0.2881775,0.06303024
160,160,0.16,0,302.38556,24.359581,9.1552734e-05,-0.00016975403
161,161,0.161,0,302.38556,24.359581,0.0,0.0
162,162,0.162,0,302.38556,24.359581,0.0,0.0
163,163,0.163,0,302.38873,24.359573,0.0031738281,-7.6293945e-06
164,164,0.164,0,302.38525,24.359747,-0.003479004,0.00017356873
165,165,0.165,0,302.38528,24.359564,3.0517578e-05,-0.00018310547
166,166,0.166,0,302.3878,24.359076,0.0025024414,-0.00048828125
167,167,0.167,0,302.37936,24.354942,-0.008422852,-0.0041332245
168,168,0.168,0,302.3819,24.350805,0.002532959,-0.004137039
169,169,0.169,0,302.37366,24.35242,-0.008239746,0.0016155243
170,170,0.17,0,302.37177,24.351757,-0.0018920898,-0.0006637573
171,171,0.171,0,302.37177,24.351757,0.0,0.0
172,172,0.172,0,302.37177,24.351757,0.0,0.0
173,173,0.173,0,302.37177,24.351757,0.0,0.0
174,174,0.174,0,302.37177,24.351757,0.0,0.0
175,175,0.175,0,302.37177,24.351757,0.0,0.0
176,176,0.176,0,302.37177,24.351757,0.0,0.0
177,177,0.177,0,302.37177,24.351757,0.0,0.0
178,178,0.178,0,302.37177,24.351757,0.0,0.0
179,179,0.179,0,302.37177,24.351757,0.0,0.0
180,180,0.18,0,302.37177,24.351757,0.0,0.0
181,181,0.181,0,302.37177,24.351757,0.0,0.0
182,182,0.182,0,302.37192,24.351707,0.00015258789,-4.9591064e-05
183,183,0.183,0,302.37192,24.351707,0.0,0.0
184,184,0.184,0,302.37192,24.351707,0.0,0.0
185,185,0.185,0,302.37192,24.351707,0.0,0.0
186,186,0.186,0,302.37192,24.351707,0.0,0.0
187,187,0.187,0,302.62045,24.288805,0.24853516,-0.06290245
188,188,0.188,0,302.6206,24.290653,0.00015258789,0.0018482208
189,189,0.189,0,302.60254,24.348015,-0.018066406,0.057361603
190,190,0.19,0,302.62292,24.299078,0.020385742,-0.048936844
191,191,0.191,0,303.54926,24.379066,0.92633057,0.07998848
192,192,0.192,0,303.56232,24.350153,0.013061523,-0.028913498
193,193,0.193,0,303.53146,24.376026,-0.030853271,0.025873184
194,194,0.194,0,303.91754,24.374989,0.38607788,-0.0010375977
195,195,0.195,0,303.7775,24.670816,-0.14004517,0.29582787
196,196,0.196,0,303.68665,24.65303,-0.09085083,-0.017786026
197,197,0.197,0,303.68576,24.649668,-0.00088500977,-0.0033626556
198,198,0.198,0,303.6939,24.653307,0.008148193,0.0036392212
199,199,0.199,0,303.6939,24.653307,0.0,0.0
200,200,0.2,0,303.6939,24.653307,0.0,0.0
201,201,0.201,0,303.6939,24.653307,0.0,0.0
202,202,0.202,0,303.6939,24.653307,0.0,0.0
203,203,0.203,0,303.69388,24.654116,-3.0517578e-05,0.0008087158
204,204,0.204,0,303.6944,24.658659,0.0005187988,0.0045433044
205,205,0.205,0,303.68317,24.660517,-0.011230469,0.0018577576
206,206,0.206,0,303.68454,24.655907,0.001373291,-0.0046100616
207,207,0.207,0,303.68146,24.678932,-0.0030822754,0.023025513
208,208,0.208,0,303.68146,24.678932,0.0,0.0
209,209,0.209,0,303.68146,24.678932,0.0,0.0
210,210,0.21,0,303.69202,24.725698,0.010559082,0.04676628
211,211,0.211,0,303.6739,24.74211,-0.018127441,0.016410828
212,212,0.212,0,303.6763,24.736618,0.0024108887,-0.0054912567
213,213,0.213,0,303.67523,24.739029,-0.0010681152,0.0024108887
214,214,0.214,0,303.67828,24.74024,0.0030517578,0.0012111664
215,215,0.215,0,303.67862,24.734266,0.00033569336,-0.005973816
216,216,0.216,0,303.67963,24.779692,0.0010070801,0.045425415
217,217,0.217,0,303.68253,24.774895,0.00289917,-0.004796982
218,218,0.218,0,303.68262,24.798939,9.1552734e-05,0.024044037
219,219,0.219,0,303.01294,24.810335,-0.66967773,0.011396408
220,220,0.22,0,303.04498,24.831198,0.032043457,0.02086258
221,221,0.221,0,303.07336,24.83856,0.028381348,0.0073623657
222,222,0.222,0,303.06894,24.753614,-0.004425049,-0.08494568
223,223,0.223,0,303.2044,24.652552,0.13546753,-0.101062775
224,224,0.224,0,303.205,24.524137,0.000579834,-0.12841415
225,225,0.225,0,303.20377,24.524033,-0.0012207031,-0.000104904175
226,226,0.226,0,303.20477,24.527842,0.0010070801,0.0038089752
227,227,0.227,0,303.20477,24.527842,0.0,0.0
228,228,0.228,0,303.20477,24.527842,0.0,0.0
229,229,0.229,0,303.20477,24.527842,0.0,0.0
230,230,0.23,0,303.07425,24.676025,-0.13052368,0.14818382
231,231,0.231,0,303.08188,24.705938,0.0076293945,0.029912949
232,232,0.232,0,303.08188,24.705938,0.0,0.0
233,233,0.233,0,303.08188,24.705938,0.0,0.0
234,234,0.234,0,303.08896,24.705317,0.007080078,-0.00062179565
235,235,0.235,0,303.23056,24.569845,0.14160156,-0.13547134
236,236,0.236,0,303.23056,24.569845,0.0,0.0
237,237,0.237,0,303.23056,24.569845,0.0,0.0
238,238,0.238,0,303.23056,24.569845,0.0,0.0
239,239,0.239,0,303.23056,24.569845,0.0,0.0
240,240,0.24,0,303.23056,24.569845,0.0,0.0
241,241,0.241,0,303.23056,24.569845,0.0,0.0
242,242,0.242,0,303.09067,24.71618,-0.13989258,0.1463356
243,243,0.243,0,303.09067,24.71618,0.0,0.0
244,244,0.244,0,303.09067,24.71618,0.0,0.0
245,245,0.245,0,303.09067,24.71618,0.0,0.0
246,246,0.246,0,303.09067,24.71618,0.0,0.0
247,247,0.247,0,303.0878,24.71546,-0.0028686523,-0.0007209778
248,248,0.248,0,303.0885,24.715439,0.0007019043,-2.0980835e-05
249,249,0.249,0,300.85156,27.804306,-2.2369385,3.0888672
