,iteration,time,id,x,y,dx,dy
0,0,0.0,0,346.65054,241.63316,-0.3494568,2.6331635
1,1,0.016666666666666666,0,347.1582,241.78842,0.5076599,0.15525818
2,2,0.03333333333333333,0,346.16907,242.98526,-0.98913574,1.1968384
3,3,0.05,0,347.15677,244.24446,0.9877014,1.259201
4,4,0.06666666666666667,0,346.14188,243.87689,-1.0148926,-0.36756897
5,5,0.08333333333333333,0,346.5983,244.09569,0.4564209,0.21879578
6,6,0.1,0,346.62454,243.96754,0.026245117,-0.12814331
7,7,0.11666666666666667,0,346.37558,243.90314,-0.2489624,-0.06440735
8,8,0.13333333333333333,0,347.08865,243.91125,0.71307373,0.008117676
9,9,0.15,0,346.37393,243.96455,-0.7147217,0.05329895
10,10,0.16666666666666666,0,347.116,244.38094,0.7420654,0.41638184
11,11,0.18333333333333332,0,346.37955,243.89784,-0.7364502,-0.48309326
12,12,0.2,0,346.74432,244.0746,0.3647766,0.17675781
13,13,0.21666666666666667,0,346.74344,243.76486,-0.00088500977,-0.30973816
14,14,0.23333333333333334,0,346.7335,243.7666,-0.0099487305,0.001739502
15,15,0.25,0,347.08237,243.64203,0.34887695,-0.124572754
16,16,0.26666666666666666,0,346.35443,243.33478,-0.7279358,-0.30725098
17,17,0.2833333333333333,0,347.31793,243.39214,0.963501,0.057357788
18,18,0.3,0,346.34305,243.33275,-0.97488403,-0.059387207
19,19,0.31666666666666665,0,347.05786,243.30972,0.71481323,-0.023025513
20,20,0.3333333333333333,0,346.6501,242.89723,-0.40777588,-0.41249084
21,21,0.35,0,346.63663,242.89009,-0.013458252,-0.0071411133
22,22,0.36666666666666664,0,346.9739,242.51366,0.33728027,-0.37643433
23,23,0.38333333333333336,0,346.26608,242.53044,-0.7078247,0.016784668
24,24,0.4,0,347.21887,242.45189,0.9527893,-0.078552246
25,25,0.4166666666666667,0,346.27277,242.10803,-0.94610596,-0.3438568
26,26,0.43333333333333335,0,346.96805,242.46774,0.695282,0.3597107
27,27,0.45,0,346.2847,242.09009,-0.6833496,-0.37765503
28,28,0.4666666666666667,0,346.52283,242.23189,0.23812866,0.14179993
29,29,0.48333333333333334,0,346.74203,242.03175,0.21920776,-0.20013428
30,30,0.5,0,346.28113,242.06703,-0.46090698,0.03527832
31,31,0.5166666666666667,0,347.32608,241.87099,1.0449524,-0.19604492
32,32,0.5333333333333333,0,346.3103,241.93037,-1.0157776,0.059387207
33,33,0.55,0,347.0501,241.93279,0.7398071,0.0024108887
34,34,0.5666666666666667,0,346.57037,241.7355,-0.47973633,-0.19728088
35,35,0.5833333333333334,0,346.7962,241.93335,0.22583008,0.19784546
36,36,0.6,0,346.665,241.05476,-0.13119507,-0.8785858
37,37,0.6166666666666667,0,346.58185,241.63391,-0.0831604,0.57914734
38,38,0.6333333333333333,0,347.1317,241.27888,0.5498657,-0.35502625
39,39,0.65,0,346.43347,241.29971,-0.6982422,0.020828247
40,40,0.6666666666666666,0,347.22467,241.27005,0.79119873,-0.029663086
41,41,0.6833333333333333,0,346.45663,241.1068,-0.7680359,-0.16325378
42,42,0.7,0,346.84668,241.45488,0.39004517,0.3480835
43,43,0.7166666666666667,0,346.49673,240.98326,-0.34994507,-0.47161865
44,44,0.7333333333333333,0,346.46353,241.14531,-0.033203125,0.16204834
45,45,0.75,0,346.9821,240.91263,0.5185547,-0.23268127
46,46,0.7666666666666667,0,346.4253,241.0048,-0.5567932,0.092178345
47,47,0.7833333333333333,0,347.23932,240.92296,0.8140259,-0.081848145
48,48,0.8,0,346.46558,240.51985,-0.7737427,-0.4031067
49,49,0.8166666666666667,0,347.24078,240.9224,0.7752075,0.4025421
50,50,0.8333333333333334,0,346.69363,240.77638,-0.54714966,-0.14601135
51,51,0.85,0,346.71048,241.13544,0.016845703,0.35905457
52,52,0.8666666666666667,0,346.70102,240.69626,-0.009460449,-0.43917847
53,53,0.8833333333333333,0,346.45612,240.85619,-0.24490356,0.15992737
54,54,0.9,0,347.25153,240.6687,0.79541016,-0.18748474
55,55,0.9166666666666666,0,346.22516,240.70178,-1.0263672,0.033081055
56,56,0.9333333333333333,0,347.1793,240.58218,0.9541321,-0.11959839
57,57,0.95,0,346.4459,240.4905,-0.73339844,-0.09169006
58,58,0.9666666666666667,0,346.64777,240.53189,0.20187378,0.041397095
59,59,0.9833333333333333,0,346.66922,240.37265,0.021453857,-0.15924072
60,60,1.0,0,346.4715,240.43517,-0.19772339,0.06251526
61,61,1.0166666666666666,0,347.06543,240.27663,0.5939331,-0.15853882
62,62,1.0333333333333334,0,346.33447,240.47227,-0.73095703,0.1956482
63,63,1.05,0,347.33597,240.45418,1.0014954,-0.018096924
64,64,1.0666666666666667,0,346.54202,240.33017,-0.7939453,-0.12400818
65,65,1.0833333333333333,0,347.14355,240.60666,0.601532,0.27648926
66,66,1.1,0,346.73154,240.34528,-0.41201782,-0.26138306
67,67,1.1166666666666667,0,346.7616,240.49406,0.030059814,0.14878845
68,68,1.1333333333333333,0,346.9754,239.98926,0.21380615,-0.5048065
69,69,1.15,0,346.3592,240.32312,-0.61621094,0.3338623
70,70,1.1666666666666667,0,347.1024,240.17181,0.7431946,-0.15130615
71,71,1.1833333333333333,0,346.3433,240.13849,-0.75909424,-0.033325195
72,72,1.2,0,347.05304,240.27888,0.7097473,0.14039612
73,73,1.2166666666666666,0,346.52084,240.01779,-0.53219604,-0.26109314
74,74,1.2333333333333334,0,346.73242,240.1198,0.21157837,0.102005005
75,75,1.25,0,346.73663,240.049,0.004211426,-0.07080078
76,76,1.2666666666666666,0,346.46304,240.25638,-0.2735901,0.2073822
77,77,1.2833333333333334,0,347.18524,240.29634,0.7221985,0.03996277
78,78,1.3,0,346.43628,240.31055,-0.7489624,0.014205933
79,79,1.3166666666666667,0,347.2211,240.52147,0.78482056,0.21092224
80,80,1.3333333333333333,0,346.43692,240.30988,-0.7841797,-0.21159363
81,81,1.35,0,346.95697,240.55463,0.52005005,0.24475098
82,82,1.3666666666666667,0,346.6639,240.05716,-0.2930603,-0.49746704
83,83,1.3833333333333333,0,346.6295,240.60437,-0.034423828,0.5472107
84,84,1.4,0,346.8903,240.39034,0.26080322,-0.21403503
85,85,1.4166666666666667,0,346.42432,240.22217,-0.4659729,-0.16816711
86,86,1.4333333333333333,0,347.06827,240.1808,0.6439514,-0.041366577
87,87,1.45,0,346.41684,240.1712,-0.6514282,-0.009597778
88,88,1.4666666666666666,0,346.9003,240.45224,0.48345947,0.28103638
89,89,1.4833333333333334,0,346.6233,240.0331,-0.27700806,-0.41914368
90,90,1.5,0,346.5982,240.16263,-0.02508545,0.12953186
91,91,1.5166666666666666,0,346.88596,239.88205,0.28775024,-0.2805786
92,92,1.5333333333333334,0,346.18286,240.27647,-0.7030945,0.39442444
93,93,1.55,0,346.89566,240.68552,0.7127991,0.40904236
94,94,1.5666666666666667,0,346.2664,241.05272,-0.62927246,0.36720276
95,95,1.5833333333333333,0,346.9781,241.40602,0.71170044,0.353302
96,96,1.6,0,346.25247,241.02042,-0.72561646,-0.38560486
97,97,1.6166666666666667,0,346.62253,241.49146,0.37005615,0.47103882
98,98,1.6333333333333333,0,346.55637,241.04713,-0.06616211,-0.44432068
99,99,1.65,0,346.26245,241.56693,-0.2939148,0.51979065
100,100,1.6666666666666667,0,346.86432,241.2275,0.6018677,-0.33943176
101,101,1.6833333333333333,0,346.19968,241.27946,-0.66464233,0.051971436
102,102,1.7,0,347.09872,241.38734,0.89904785,0.10787964
103,103,1.7166666666666666,0,346.13766,241.02777,-0.9610596,-0.35957336
104,104,1.7333333333333334,0,346.668,241.72763,0.5303345,0.6998596
105,105,1.75,0,346.41522,241.12961,-0.2527771,-0.59802246
106,106,1.7666666666666666,0,346.24786,241.26637,-0.1673584,0.13676453
107,107,1.7833333333333334,0,346.67212,241.2382,0.42425537,-0.028167725
108,108,1.8,0,346.16556,241.55484,-0.5065613,0.31663513
109,109,1.8166666666666667,0,346.91608,241.32634,0.7505188,-0.22850037
110,110,1.8333333333333333,0,345.88998,241.33421,-1.0260925,0.007873535
111,111,1.85,0,346.8772,241.57416,0.98721313,0.23994446
112,112,1.8666666666666667,0,346.37967,241.3923,-0.49752808,-0.18185425
113,113,1.8833333333333333,0,346.5634,241.51537,0.18371582,0.123062134
114,114,1.9,0,346.68512,241.25388,0.12173462,-0.26148987
115,115,1.9166666666666667,0,346.20465,241.5022,-0.48046875,0.24832153
116,116,1.9333333333333333,0,346.89905,241.20244,0.694397,-0.2997589
117,117,1.95,0,346.20877,241.29694,-0.6902771,0.09449768
118,118,1.9666666666666666,0,346.9505,241.41556,0.74172974,0.118621826
119,119,1.9833333333333334,0,346.23602,241.18512,-0.71447754,-0.23043823
120,120,2.0,0,346.56964,241.62329,0.33361816,0.4381714
121,121,2.0166666666666666,0,346.574,241.18513,0.0043640137,-0.43815613
122,122,2.033333333333333,0,346.2106,241.53255,-0.36340332,0.3474121
123,123,2.05,0,346.89532,241.18762,0.6847229,-0.34492493
124,124,2.066666666666667,0,346.12842,241.33987,-0.76690674,0.1522522
125,125,2.0833333333333335,0,346.9051,241.28372,0.77667236,-0.056152344
126,126,2.1,0,346.17188,241.25842,-0.73321533,-0.025299072
127,127,2.1166666666666667,0,346.8551,241.5902,0.68322754,0.33177185
128,128,2.1333333333333333,0,346.49417,241.08708,-0.3609314,-0.5031128
129,129,2.15,0,346.49506,241.34537,0.00088500977,0.25828552
130,130,2.1666666666666665,0,346.86145,241.10255,0.36639404,-0.24281311
131,131,2.183333333333333,0,346.1345,241.10413,-0.7269592,0.0015716553
132,132,2.2,0,347.07733,241.03148,0.9428406,-0.072647095
133,133,2.216666666666667,0,346.16318,240.86832,-0.91415405,-0.16316223
134,134,2.2333333333333334,0,346.8165,241.19151,0.6533203,0.3231964
135,135,2.25,0,346.20456,240.74203,-0.6119385,-0.44947815
136,136,2.2666666666666666,0,346.59338,241.17021,0.38882446,0.42817688
137,137,2.283333333333333,0,346.62436,240.85947,0.030975342,-0.31074524
138,138,2.3,0,346.16687,241.01216,-0.457489,0.1526947
139,139,2.316666666666667,0,346.93488,241.0254,0.7680054,0.013244629
140,140,2.3333333333333335,0,346.0128,241.19246,-0.9220886,0.16705322
141,141,2.35,0,346.92505,241.20493,0.91226196,0.012466431
142,142,2.3666666666666667,0,346.24756,241.02525,-0.67749023,-0.17967224
143,143,2.3833333333333333,0,346.67578,241.44463,0.42822266,0.41937256
144,144,2.4,0,346.67908,241.22299,0.0032958984,-0.22163391
145,145,2.4166666666666665,0,346.34503,241.4459,-0.3340454,0.22291565
146,146,2.433333333333333,0,346.88403,241.20604,0.53900146,-0.23986816
147,147,2.45,0,345.92755,241.43443,-0.95648193,0.22839355
148,148,2.466666666666667,0,346.98648,241.18427,1.0589294,-0.25016785
149,149,2.4833333333333334,0,345.9984,241.19833,-0.9880676,0.0140686035
150,150,2.5,0,346.51544,241.2168,0.5170288,0.018463135
151,151,2.5166666666666666,0,346.13828,241.15616,-0.37716675,-0.060638428
152,152,2.533333333333333,0,346.34262,241.26224,0.2043457,0.1060791
153,153,2.55,0,346.50763,241.19557,0.16500854,-0.06666565
154,154,2.566666666666667,0,345.99298,241.39171,-0.51464844,0.19613647
155,155,2.5833333333333335,0,346.94614,241.14641,0.9531555,-0.2453003
156,156,2.6,0,345.99948,241.19342,-0.9466553,0.04701233
157,157,2.6166666666666667,0,346.7384,241.3713,0.7389221,0.17788696
158,158,2.6333333333333333,0,346.26547,241.21376,-0.4729309,-0.157547
159,159,2.65,0,346.5242,241.59737,0.25872803,0.38360596
160,160,2.6666666666666665,0,346.36887,241.27518,-0.15533447,-0.32218933
161,161,2.683333333333333,0,346.2103,241.25716,-0.15856934,-0.01802063
162,162,2.7,0,346.95355,241.01506,0.7432556,-0.24209595
163,163,2.716666666666667,0,345.90604,241.19681,-1.0475159,0.18174744
164,164,2.7333333333333334,0,346.8589,241.1587,0.95285034,-0.038101196
165,165,2.75,0,346.06424,241.16412,-0.7946472,0.00541687
166,166,2.7666666666666666,0,346.4437,241.22418,0.37945557,0.060058594
167,167,2.783333333333333,0,346.22925,241.14716,-0.21444702,-0.07702637
168,168,2.8,0,346.19174,241.35765,-0.037506104,0.210495
169,169,2.816666666666667,0,346.5796,241.11617,0.3878479,-0.2414856
170,170,2.8333333333333335,0,346.03604,241.10641,-0.5435486,-0.009750366
171,171,2.85,0,346.867,241.10138,0.83096313,-0.0050354004
172,172,2.8666666666666667,0,345.9133,241.11111,-0.95370483,0.009735107
173,173,2.8833333333333333,0,346.6197,241.17783,0.7063904,0.066711426
174,174,2.9,0,346.30954,241.06908,-0.31015015,-0.10874939
175,175,2.9166666666666665,0,346.31805,241.35498,0.008514404,0.28590393
176,176,2.933333333333333,0,346.5971,241.11696,0.27905273,-0.23802185
177,177,2.95,0,346.0941,241.12343,-0.50302124,0.0064697266
178,178,2.966666666666667,0,346.8341,241.12297,0.74002075,-0.00045776367
179,179,2.9833333333333334,0,345.87442,240.9401,-0.9596863,-0.18287659
180,180,3.0,0,346.8175,241.10349,0.9430847,0.16339111
181,181,3.0166666666666666,0,346.12,240.77759,-0.69750977,-0.32589722
182,182,3.033333333333333,0,346.3525,241.15746,0.23251343,0.37986755
183,183,3.05,0,346.35678,240.66788,0.004272461,-0.48957825
184,184,3.066666666666667,0,346.11514,240.76828,-0.24163818,0.10040283
185,185,3.0833333333333335,0,346.57693,240.75322,0.461792,-0.015060425
186,186,3.1,0,345.82803,240.8821,-0.74890137,0.12887573
187,187,3.1166666666666667,0,346.81403,240.96991,0.98599243,0.08781433
188,188,3.1333333333333333,0,345.87668,240.92043,-0.9373474,-0.049484253
189,189,3.15,0,346.57587,241.00302,0.69918823,0.082595825
190,190,3.1666666666666665,0,346.36917,240.83777,-0.20669556,-0.16525269
191,191,3.183333333333333,0,346.32407,240.96982,-0.04510498,0.13204956
192,192,3.2,0,346.6077,240.83589,0.28363037,-0.13392639
193,193,3.216666666666667,0,345.86365,240.8958,-0.7440491,0.059906006
194,194,3.2333333333333334,0,346.7932,240.70012,0.9295654,-0.19567871
195,195,3.25,0,345.9043,240.72565,-0.888916,0.025527954
196,196,3.2666666666666666,0,346.61182,240.96878,0.70751953,0.24313354
197,197,3.283333333333333,0,346.1491,240.67305,-0.46270752,-0.2957306
198,198,3.3,0,346.37402,240.81877,0.22491455,0.14572144
199,199,3.316666666666667,0,346.53986,240.74817,0.16583252,-0.07060242
200,200,3.3333333333333335,0,346.21783,240.78716,-0.32202148,0.038986206
201,201,3.35,0,346.94537,240.8208,0.72753906,0.03364563
202,202,3.3666666666666667,0,346.19873,240.95432,-0.74664307,0.1335144
203,203,3.3833333333333333,0,346.90985,240.96486,0.7111206,0.010543823
204,204,3.4,0,346.42413,240.97871,-0.48571777,0.0138549805
205,205,3.4166666666666665,0,346.692,241.08345,0.26785278,0.10473633
206,206,3.433333333333333,0,346.5504,241.10739,-0.14157104,0.02394104
207,207,3.45,0,346.42978,241.26067,-0.12063599,0.15327454
208,208,3.466666666666667,0,347.1718,241.0739,0.7420349,-0.18676758
209,209,3.4833333333333334,0,346.429,241.2598,-0.74282837,0.18589783
210,210,3.5,0,347.17673,241.2316,0.7477417,-0.028198242
211,211,3.5166666666666666,0,346.4316,241.26413,-0.7451172,0.03253174
212,212,3.533333333333333,0,346.7048,241.26614,0.27319336,0.0020141602
213,213,3.55,0,346.43,241.26347,-0.2748108,-0.002670288
214,214,3.566666666666667,0,346.42453,241.95311,-0.0054626465,0.68963623
215,215,3.5833333333333335,0,346.2158,243.43636,-0.20874023,1.4832458
216,216,3.6,0,345.9494,242.42719,-0.26638794,-1.0091705
217,217,3.6166666666666667,0,346.42975,241.05673,0.48034668,-1.3704529
218,218,3.6333333333333333,0,345.7169,240.00578,-0.7128601,-1.0509491
219,219,3.65,0,346.90262,241.01515,1.18573,1.0093689
