,iteration,time,id,x,y,dx,dy
0,0,0.0,0,388.28534,241.00449,0.28533936,1.0044861
1,1,0.016666666666666666,0,388.022,241.15073,-0.26333618,0.14624023
2,2,0.03333333333333333,0,388.0166,241.59204,-0.0054016113,0.4413147
3,3,0.05,0,387.97552,260.43512,-0.04107666,18.843079
4,4,0.06666666666666667,0,387.9652,259.04315,-0.010314941,-1.3919678
5,5,0.08333333333333333,0,385.79935,249.40578,-2.165863,-9.637375
6,6,0.1,0,387.82098,248.81322,2.021637,-0.5925598
7,7,0.11666666666666667,0,387.91708,244.22307,0.09609985,-4.590149
8,8,0.13333333333333333,0,388.01633,241.55876,0.099243164,-2.6643066
9,9,0.15,0,387.90994,242.89017,-0.10638428,1.3314056
10,10,0.16666666666666666,0,387.99884,242.66096,0.088897705,-0.22920227
11,11,0.18333333333333332,0,388.0074,241.53708,0.008544922,-1.1238861
12,12,0.2,0,387.91815,243.1059,-0.0892334,1.5688171
13,13,0.21666666666666667,0,387.72928,241.81166,-0.18887329,-1.2942352
14,14,0.23333333333333334,0,387.736,241.57336,0.006713867,-0.23829651
15,15,0.25,0,387.75412,240.58467,0.018127441,-0.98869324
16,16,0.26666666666666666,0,387.7551,240.68378,0.0009765625,0.099105835
17,17,0.2833333333333333,0,387.75024,240.18661,-0.004852295,-0.49716187
18,18,0.3,0,387.75412,240.51775,0.0038757324,0.33113098
19,19,0.31666666666666665,0,387.72928,240.56738,-0.024841309,0.04963684
20,20,0.3333333333333333,0,387.8176,239.15948,0.08831787,-1.407898
21,21,0.35,0,387.80984,239.57918,-0.007751465,0.419693
22,22,0.36666666666666664,0,387.82324,239.12917,0.013397217,-0.4500122
23,23,0.38333333333333336,0,387.8259,239.37096,0.0026550293,0.24179077
24,24,0.4,0,387.78967,238.5694,-0.036224365,-0.80155945
25,25,0.4166666666666667,0,387.63626,240.08383,-0.15341187,1.5144348
26,26,0.43333333333333335,0,387.82996,240.72836,0.19369507,0.64453125
27,27,0.45,0,387.61612,240.4009,-0.21383667,-0.32746887
28,28,0.4666666666666667,0,387.61758,240.24721,0.0014648438,-0.15368652
29,29,0.48333333333333334,0,387.68243,240.74007,0.06484985,0.4928589
30,30,0.5,0,387.72086,241.08904,0.03842163,0.3489685
31,31,0.5166666666666667,0,387.6546,240.73499,-0.06625366,-0.35404968
32,32,0.5333333333333333,0,387.68594,240.82484,0.031341553,0.08985901
33,33,0.55,0,387.73245,241.24228,0.04650879,0.4174347
34,34,0.5666666666666667,0,387.64694,240.48463,-0.085510254,-0.75764465
35,35,0.5833333333333334,0,387.68472,241.2443,0.03778076,0.7596588
36,36,0.6,0,387.68378,238.3077,-0.0009460449,-2.9365997
37,37,0.6166666666666667,0,387.66653,240.65955,-0.017242432,2.3518524
38,38,0.6333333333333333,0,387.4936,239.02443,-0.17294312,-1.6351166
39,39,0.65,0,387.68274,239.98518,0.18914795,0.9607544
40,40,0.6666666666666666,0,387.58133,238.63759,-0.10140991,-1.3475952
41,41,0.6833333333333333,0,387.6017,240.9167,0.020385742,2.2791138
42,42,0.7,0,387.69656,241.06946,0.09484863,0.15275574
43,43,0.7166666666666667,0,387.64752,240.28793,-0.049041748,-0.78152466
44,44,0.7333333333333333,0,387.66772,240.85222,0.020202637,0.5642853
45,45,0.75,0,387.6357,240.72952,-0.03201294,-0.12269592
46,46,0.7666666666666667,0,387.65704,240.97845,0.021331787,0.24893188
47,47,0.7833333333333333,0,387.5332,239.54662,-0.12384033,-1.431839
48,48,0.8,0,387.60394,240.71307,0.070739746,1.1664581
49,49,0.8166666666666667,0,387.6123,240.88638,0.008361816,0.17330933
50,50,0.8333333333333334,0,387.49573,239.516,-0.11657715,-1.3703766
51,51,0.85,0,387.66614,241.63634,0.17041016,2.1203308
52,52,0.8666666666666667,0,387.61597,240.50465,-0.0501709,-1.1316833
53,53,0.8833333333333333,0,387.6339,240.83542,0.017944336,0.33076477
54,54,0.9,0,387.57635,240.31207,-0.057556152,-0.52334595
55,55,0.9166666666666666,0,387.80334,241.76846,0.22698975,1.4563904
56,56,0.9333333333333333,0,387.5666,239.97644,-0.23675537,-1.7920227
57,57,0.95,0,387.7552,240.73788,0.18859863,0.7614441
58,58,0.9666666666666667,0,387.7722,240.91425,0.016998291,0.17636108
59,59,0.9833333333333333,0,387.73083,240.71872,-0.04135132,-0.19552612
60,60,1.0,0,387.54895,240.82014,-0.18188477,0.10142517
61,61,1.0166666666666666,0,387.75012,240.74397,0.20117188,-0.076171875
62,62,1.0333333333333334,0,387.5514,240.99802,-0.19873047,0.25404358
63,63,1.05,0,387.5557,240.93796,0.0043029785,-0.060058594
64,64,1.0666666666666667,0,387.427,239.98764,-0.12869263,-0.9503174
65,65,1.0833333333333333,0,387.52417,241.17082,0.09716797,1.1831818
66,66,1.1,0,387.52225,241.16646,-0.0019226074,-0.0043640137
67,67,1.1166666666666667,0,387.5233,241.16286,0.0010375977,-0.0036010742
68,68,1.1333333333333333,0,387.5403,240.30319,0.017028809,-0.8596649
69,69,1.15,0,387.74478,241.34749,0.20446777,1.0442963
70,70,1.1666666666666667,0,387.76587,240.32051,0.021087646,-1.0269775
71,71,1.1833333333333333,0,387.7723,240.37991,0.006439209,0.059402466
72,72,1.2,0,387.73016,240.43657,-0.042144775,0.056655884
73,73,1.2166666666666666,0,387.70102,241.00914,-0.029144287,0.5725708
74,74,1.2333333333333334,0,387.64853,240.94914,-0.052490234,-0.05999756
75,75,1.25,0,387.59656,241.01167,-0.051971436,0.06253052
76,76,1.2666666666666666,0,387.61224,241.20132,0.015686035,0.18965149
77,77,1.2833333333333334,0,387.62625,241.4048,0.014007568,0.20347595
78,78,1.3,0,387.58636,241.28053,-0.039886475,-0.12426758
79,79,1.3166666666666667,0,387.70093,242.2844,0.11456299,1.0038605
80,80,1.3333333333333333,0,387.63095,241.64197,-0.06997681,-0.64242554
81,81,1.35,0,387.70163,242.15233,0.07067871,0.5103607
82,82,1.3666666666666667,0,387.51828,239.88737,-0.18334961,-2.2649536
83,83,1.3833333333333333,0,387.6964,242.02524,0.1781311,2.1378632
84,84,1.4,0,387.63138,241.12695,-0.06503296,-0.8982849
85,85,1.4166666666666667,0,387.64145,241.1952,0.010070801,0.06825256
86,86,1.4333333333333333,0,387.62357,240.76794,-0.0178833,-0.42726135
87,87,1.45,0,387.7864,242.25769,0.1628418,1.4897461
88,88,1.4666666666666666,0,387.61377,240.94232,-0.17263794,-1.3153687
89,89,1.4833333333333334,0,387.15356,239.93181,-0.46020508,-1.0105133
90,90,1.5,0,387.19638,240.32468,0.042816162,0.39286804
91,91,1.5166666666666666,0,387.22165,240.71442,0.025268555,0.38974
92,92,1.5333333333333334,0,386.94037,241.32973,-0.28128052,0.61531067
93,93,1.55,0,387.24435,242.48763,0.3039856,1.157898
94,94,1.5666666666666667,0,387.2494,243.65631,0.0050354004,1.1686859
95,95,1.5833333333333333,0,386.9611,245.34564,-0.28829956,1.689331
96,96,1.6,0,387.2448,243.47107,0.28372192,-1.8745728
97,97,1.6166666666666667,0,387.23904,244.63196,-0.0057678223,1.1608887
98,98,1.6333333333333333,0,387.0852,241.38905,-0.15383911,-3.2429047
99,99,1.65,0,387.5002,243.45786,0.41500854,2.0688019
100,100,1.6666666666666667,0,387.46143,240.74132,-0.03878784,-2.7165375
101,101,1.6833333333333333,0,387.50513,242.31287,0.043701172,1.5715485
102,102,1.7,0,387.50372,240.78406,-0.0014038086,-1.5288086
103,103,1.7166666666666666,0,387.51944,241.19565,0.015716553,0.41159058
104,104,1.7333333333333334,0,387.53513,241.73853,0.015686035,0.5428772
105,105,1.75,0,387.51016,241.02216,-0.024963379,-0.7163696
106,106,1.7666666666666666,0,387.45288,241.6334,-0.057281494,0.61125183
107,107,1.7833333333333334,0,387.37112,241.2514,-0.08175659,-0.38200378
108,108,1.8,0,387.46106,242.95287,0.0899353,1.7014618
109,109,1.8166666666666667,0,387.2414,241.05386,-0.21966553,-1.8990021
110,110,1.8333333333333333,0,387.26505,241.41483,0.023651123,0.3609619
111,111,1.85,0,387.3666,242.1943,0.1015625,0.77948
112,112,1.8666666666666667,0,387.18512,240.64197,-0.18148804,-1.5523376
113,113,1.8833333333333333,0,387.38055,242.02852,0.19543457,1.3865509
114,114,1.9,0,387.34088,241.21582,-0.03967285,-0.81269836
115,115,1.9166666666666667,0,387.43274,243.0318,0.09185791,1.815979
116,116,1.9333333333333333,0,387.2731,240.77568,-0.15963745,-2.2561188
117,117,1.95,0,387.4175,242.52565,0.14440918,1.7499695
118,118,1.9666666666666666,0,387.3402,241.26054,-0.077301025,-1.2651062
119,119,1.9833333333333334,0,387.37314,241.64412,0.032928467,0.38357544
120,120,2.0,0,387.436,242.36575,0.06286621,0.7216339
121,121,2.0166666666666666,0,387.35577,241.44133,-0.08023071,-0.9244232
122,122,2.033333333333333,0,387.38876,241.70808,0.032989502,0.26675415
123,123,2.05,0,387.32355,241.37857,-0.065216064,-0.32951355
124,124,2.066666666666667,0,387.3364,241.49365,0.0128479,0.11508179
125,125,2.0833333333333335,0,387.29178,241.0029,-0.0446167,-0.49075317
126,126,2.1,0,387.3232,241.42899,0.031433105,0.42608643
127,127,2.1166666666666667,0,387.3945,242.32176,0.07128906,0.8927765
128,128,2.1333333333333333,0,387.29172,241.17392,-0.1027832,-1.1478424
129,129,2.15,0,387.3687,241.90193,0.07699585,0.7280121
130,130,2.1666666666666665,0,387.3262,241.10463,-0.042510986,-0.79730225
131,131,2.183333333333333,0,387.32184,241.42297,-0.0043640137,0.31834412
132,132,2.2,0,387.147,239.86699,-0.1748352,-1.5559845
133,133,2.216666666666667,0,387.30814,240.84306,0.16113281,0.9760742
134,134,2.2333333333333334,0,387.2833,241.45287,-0.024841309,0.60980225
135,135,2.25,0,387.33698,240.5602,0.05368042,-0.8926697
136,136,2.2666666666666666,0,387.29327,241.4335,-0.043701172,0.8733063
137,137,2.283333333333333,0,387.27155,241.1208,-0.021728516,-0.31269836
138,138,2.3,0,387.27994,241.67955,0.008392334,0.55874634
139,139,2.316666666666667,0,387.2187,240.44336,-0.06124878,-1.2361908
140,140,2.3333333333333335,0,387.2867,241.90842,0.06802368,1.4650574
141,141,2.35,0,387.23276,241.48257,-0.053955078,-0.4258423
142,142,2.3666666666666667,0,387.22592,241.34604,-0.0068359375,-0.13653564
143,143,2.3833333333333333,0,387.24924,242.63002,0.02331543,1.2839813
144,144,2.4,0,387.22504,242.0331,-0.02420044,-0.5969238
145,145,2.4166666666666665,0,387.24316,241.87984,0.018127441,-0.15325928
146,146,2.433333333333333,0,387.22824,241.49298,-0.014923096,-0.38685608
147,147,2.45,0,387.26794,242.34842,0.03970337,0.85543823
148,148,2.466666666666667,0,386.58286,240.95544,-0.6850891,-1.3929749
149,149,2.4833333333333334,0,386.5007,241.27693,-0.08215332,0.32148743
150,150,2.5,0,386.41965,241.56851,-0.08105469,0.2915802
151,151,2.5166666666666666,0,386.407,241.4505,-0.012634277,-0.118011475
152,152,2.533333333333333,0,386.6559,241.67732,0.24890137,0.2268219
153,153,2.55,0,387.15738,241.4595,0.50146484,-0.21781921
154,154,2.566666666666667,0,387.4918,241.44287,0.33441162,-0.01663208
155,155,2.5833333333333335,0,387.84967,241.3682,0.35787964,-0.07467651
156,156,2.6,0,387.62338,241.22688,-0.22628784,-0.14131165
157,157,2.6166666666666667,0,387.31067,241.6016,-0.31271362,0.37471008
158,158,2.6333333333333333,0,387.11298,241.49338,-0.19769287,-0.10821533
159,159,2.65,0,387.08212,243.2059,-0.030853271,1.7125244
160,160,2.6666666666666665,0,386.66238,241.14632,-0.41973877,-2.0595856
161,161,2.683333333333333,0,387.0726,242.23557,0.4102173,1.0892487
162,162,2.7,0,387.0208,241.20674,-0.05178833,-1.0288239
163,163,2.716666666666667,0,387.04562,241.53908,0.024810791,0.33233643
164,164,2.7333333333333334,0,387.02292,240.74667,-0.022705078,-0.7924042
165,165,2.75,0,387.12888,241.84665,0.10595703,1.0999756
166,166,2.7666666666666666,0,387.07358,241.64104,-0.05529785,-0.20561218
167,167,2.783333333333333,0,387.0676,241.59637,-0.0059814453,-0.044662476
168,168,2.8,0,387.074,241.9157,0.0064086914,0.31932068
169,169,2.816666666666667,0,387.01697,241.54347,-0.057037354,-0.3722229
170,170,2.8333333333333335,0,387.0173,241.53638,0.00033569336,-0.007095337
171,171,2.85,0,387.01605,241.52798,-0.0012512207,-0.008392334
172,172,2.8666666666666667,0,387.0177,241.5208,0.0016479492,-0.0071868896
173,173,2.8833333333333333,0,387.01102,241.46375,-0.0066833496,-0.057052612
174,174,2.9,0,386.9113,240.54478,-0.099731445,-0.9189606
175,175,2.9166666666666665,0,387.06363,242.53207,0.15234375,1.9872894
176,176,2.933333333333333,0,387.0187,241.65251,-0.044921875,-0.8795624
177,177,2.95,0,387.01886,241.65263,0.00015258789,0.00012207031
178,178,2.966666666666667,0,387.019,241.65288,0.00015258789,0.00024414062
179,179,2.9833333333333334,0,387.22034,242.82748,0.20132446,1.1746063
180,180,3.0,0,386.98123,241.30971,-0.23910522,-1.5177765
181,181,3.0166666666666666,0,386.99765,240.53902,0.016418457,-0.7706909
182,182,3.033333333333333,0,387.03778,241.9292,0.040130615,1.3901825
183,183,3.05,0,386.90747,240.28992,-0.13031006,-1.6392822
184,184,3.066666666666667,0,386.943,241.52151,0.03552246,1.2315979
185,185,3.0833333333333335,0,386.9102,240.52713,-0.032806396,-0.99438477
186,186,3.1,0,386.96558,241.67871,0.055389404,1.1515808
187,187,3.1166666666666667,0,386.93286,241.45035,-0.032714844,-0.22836304
188,188,3.1333333333333333,0,386.94376,241.54398,0.010894775,0.09362793
189,189,3.15,0,386.9909,241.96057,0.04714966,0.41659546
190,190,3.1666666666666665,0,386.86423,240.60555,-0.12667847,-1.3550262
191,191,3.183333333333333,0,387.12415,242.64114,0.2599182,2.0355988
192,192,3.2,0,386.88702,241.17886,-0.23712158,-1.4622803
193,193,3.216666666666667,0,386.9352,241.90211,0.048187256,0.72325134
194,194,3.2333333333333334,0,386.8424,240.72578,-0.092803955,-1.1763306
195,195,3.25,0,386.9082,241.91434,0.0657959,1.1885529
196,196,3.2666666666666666,0,386.95056,242.14958,0.0423584,0.23524475
197,197,3.283333333333333,0,386.8716,241.14458,-0.078948975,-1.0050049
198,198,3.3,0,386.95496,242.01904,0.083343506,0.87446594
199,199,3.316666666666667,0,387.5772,241.57918,0.6222534,-0.4398651
200,200,3.3333333333333335,0,387.60504,242.01685,0.027832031,0.43766785
201,201,3.35,0,387.45993,240.4186,-0.14511108,-1.5982513
202,202,3.3666666666666667,0,387.59857,242.30269,0.13864136,1.8840942
203,203,3.3833333333333333,0,387.5104,241.4916,-0.08816528,-0.8110962
204,204,3.4,0,386.85666,242.03543,-0.65374756,0.5438385
205,205,3.4166666666666665,0,387.0394,242.37006,0.18273926,0.33462524
206,206,3.433333333333333,0,386.83136,241.74603,-0.20803833,-0.62402344
207,207,3.45,0,386.8481,242.03564,0.01675415,0.28961182
208,208,3.466666666666667,0,386.82706,241.90092,-0.021057129,-0.13471985
209,209,3.4833333333333334,0,386.8588,242.05849,0.03173828,0.15756226
210,210,3.5,0,386.83023,241.74374,-0.028564453,-0.31474304
211,211,3.5166666666666666,0,386.85648,242.03616,0.026245117,0.29241943
212,212,3.533333333333333,0,386.8782,242.15016,0.021728516,0.11399841
213,213,3.55,0,386.82394,241.76703,-0.054260254,-0.38313293
214,214,3.566666666666667,0,386.96985,243.8283,0.14590454,2.061264
215,215,3.5833333333333335,0,384.22763,247.92604,-2.742218,4.097748
216,216,3.6,0,386.62903,242.33356,2.4013977,-5.5924835
217,217,3.6166666666666667,0,384.11304,239.62424,-2.5159912,-2.70932
218,218,3.6333333333333333,0,385.43393,237.2284,1.3208923,-2.3958435
219,219,3.65,0,386.4578,238.19592,1.0238647,0.9675293
