,iteration,time,id,x,y,dx,dy
0,0,0.0,0,346.6606,242.20337,-0.339386,1.2033691
1,1,0.016666666666666666,0,347.15808,242.22084,0.49746704,0.017471313
2,2,0.03333333333333333,0,346.52786,242.68617,-0.6302185,0.46533203
3,3,0.05,0,347.08798,243.15417,0.5601196,0.46800232
4,4,0.06666666666666667,0,346.46887,243.05296,-0.6191101,-0.10121155
5,5,0.08333333333333333,0,346.6816,243.06921,0.21273804,0.01625061
6,6,0.1,0,346.81747,243.04729,0.13586426,-0.02192688
7,7,0.11666666666666667,0,346.57477,243.0104,-0.2427063,-0.036880493
8,8,0.13333333333333333,0,347.0666,243.02464,0.4918213,0.01423645
9,9,0.15,0,346.5726,243.04192,-0.49398804,0.01727295
10,10,0.16666666666666666,0,347.11505,243.27281,0.54244995,0.230896
11,11,0.18333333333333332,0,346.58386,243.00749,-0.53118896,-0.26531982
12,12,0.2,0,346.82855,243.0439,0.24468994,0.03640747
13,13,0.21666666666666667,0,346.79388,242.93204,-0.03466797,-0.11186218
14,14,0.23333333333333334,0,346.77286,242.93198,-0.021026611,-6.1035156e-05
15,15,0.25,0,347.02472,242.86378,0.25186157,-0.06819153
16,16,0.26666666666666666,0,346.52185,242.77592,-0.50286865,-0.08786011
17,17,0.2833333333333333,0,347.28595,242.86368,0.7640991,0.087753296
18,18,0.3,0,346.52014,242.78506,-0.7658081,-0.07861328
19,19,0.31666666666666665,0,347.00873,242.77019,0.48858643,-0.014877319
20,20,0.3333333333333333,0,346.77155,242.6209,-0.23718262,-0.14929199
21,21,0.35,0,346.7614,242.62578,-0.010131836,0.0048828125
22,22,0.36666666666666664,0,347.0298,242.49596,0.26837158,-0.12982178
23,23,0.38333333333333336,0,346.53976,242.50525,-0.49002075,0.009292603
24,24,0.4,0,347.27695,242.50188,0.7371826,-0.0033721924
25,25,0.4166666666666667,0,346.55582,242.36424,-0.7211304,-0.13763428
26,26,0.43333333333333335,0,347.03027,242.50438,0.4744568,0.14013672
27,27,0.45,0,346.5764,242.36311,-0.45388794,-0.14126587
28,28,0.4666666666666667,0,346.7043,242.42169,0.12792969,0.05857849
29,29,0.48333333333333334,0,346.81802,242.3533,0.113708496,-0.06838989
30,30,0.5,0,346.57648,242.36427,-0.24154663,0.010971069
31,31,0.5166666666666667,0,347.30472,242.30733,0.72824097,-0.0569458
32,32,0.5333333333333333,0,346.5756,242.28348,-0.729126,-0.023849487
33,33,0.55,0,347.05667,242.3532,0.4810791,0.06971741
34,34,0.5666666666666667,0,346.63913,242.29335,-0.4175415,-0.05984497
35,35,0.5833333333333334,0,346.8535,242.36896,0.21435547,0.0756073
36,36,0.6,0,346.8682,242.06712,0.014709473,-0.3018341
37,37,0.6166666666666667,0,346.7007,242.21294,-0.16748047,0.14581299
38,38,0.6333333333333333,0,347.10623,242.08614,0.40551758,-0.12680054
39,39,0.65,0,346.5972,242.09537,-0.5090332,0.009231567
40,40,0.6666666666666666,0,347.16653,242.0748,0.56933594,-0.020568848
41,41,0.6833333333333333,0,346.66232,242.05637,-0.5042114,-0.018432617
42,42,0.7,0,346.97095,242.18979,0.30862427,0.13342285
43,43,0.7166666666666667,0,346.7255,242.0201,-0.24545288,-0.169693
44,44,0.7333333333333333,0,346.7176,242.03319,-0.007904053,0.013092041
45,45,0.75,0,346.97906,242.0035,0.2614746,-0.029693604
46,46,0.7666666666666667,0,346.6521,242.03146,-0.32696533,0.02796936
47,47,0.7833333333333333,0,347.22314,242.03015,0.5710449,-0.0013122559
48,48,0.8,0,346.672,241.77104,-0.55114746,-0.2591095
49,49,0.8166666666666667,0,347.22385,242.03355,0.55184937,0.2625122
50,50,0.8333333333333334,0,346.7066,241.97911,-0.51724243,-0.05444336
51,51,0.85,0,346.76593,242.04752,0.059326172,0.06840515
52,52,0.8666666666666667,0,346.797,241.92595,0.031066895,-0.12156677
53,53,0.8833333333333333,0,346.64154,241.92815,-0.15545654,0.0021972656
54,54,0.9,0,347.18784,241.85426,0.54629517,-0.07388306
55,55,0.9166666666666666,0,346.53854,241.86809,-0.649292,0.013824463
56,56,0.9333333333333333,0,347.2044,241.87514,0.66586304,0.0070495605
57,57,0.95,0,346.6809,241.82693,-0.52349854,-0.048202515
58,58,0.9666666666666667,0,346.82712,241.81905,0.14620972,-0.007888794
59,59,0.9833333333333333,0,346.82996,241.80002,0.0028381348,-0.01902771
60,60,1.0,0,346.70212,241.82747,-0.12783813,0.027450562
61,61,1.0166666666666666,0,347.06177,241.7575,0.35964966,-0.06996155
62,62,1.0333333333333334,0,346.56116,241.78836,-0.50061035,0.030853271
63,63,1.05,0,347.29407,241.80707,0.73291016,0.018707275
64,64,1.0666666666666667,0,346.58865,241.7691,-0.7054138,-0.037963867
65,65,1.0833333333333333,0,347.0944,241.88853,0.5057373,0.11943054
66,66,1.1,0,346.8082,241.77039,-0.28619385,-0.1181488
67,67,1.1166666666666667,0,346.81482,241.81111,0.0066223145,0.040725708
68,68,1.1333333333333333,0,347.03665,241.66373,0.22183228,-0.14738464
69,69,1.15,0,346.58847,241.76375,-0.44818115,0.10002136
70,70,1.1666666666666667,0,347.09015,241.74495,0.50167847,-0.018798828
71,71,1.1833333333333333,0,346.57132,241.72307,-0.51882935,-0.021881104
72,72,1.2,0,347.09012,241.84042,0.5187988,0.11735535
73,73,1.2166666666666666,0,346.6992,241.68088,-0.39093018,-0.1595459
74,74,1.2333333333333334,0,346.83844,241.72713,0.13925171,0.04624939
75,75,1.25,0,346.84244,241.69658,0.0039978027,-0.030548096
76,76,1.2666666666666666,0,346.63522,241.76677,-0.20721436,0.07019043
77,77,1.2833333333333334,0,347.1561,241.77425,0.520874,0.0074768066
78,78,1.3,0,346.64246,241.781,-0.51364136,0.0067596436
79,79,1.3166666666666667,0,347.18048,241.8552,0.5380249,0.07418823
80,80,1.3333333333333333,0,346.64612,241.78455,-0.5343628,-0.07064819
81,81,1.35,0,346.97397,241.81044,0.32785034,0.025894165
82,82,1.3666666666666667,0,346.81015,241.62692,-0.16381836,-0.18351746
83,83,1.3833333333333333,0,346.7687,241.8801,-0.04144287,0.25317383
84,84,1.4,0,346.97116,241.80415,0.20245361,-0.07594299
85,85,1.4166666666666667,0,346.6136,241.78932,-0.35757446,-0.014831543
86,86,1.4333333333333333,0,347.11646,241.7877,0.50286865,-0.0016174316
87,87,1.45,0,346.61224,241.77206,-0.5042114,-0.015640259
88,88,1.4666666666666666,0,347.06027,241.92372,0.44802856,0.1516571
89,89,1.4833333333333334,0,346.77313,241.70615,-0.2871399,-0.21757507
90,90,1.5,0,346.77008,241.77774,-0.0030517578,0.07159424
91,91,1.5166666666666666,0,346.9531,241.65771,0.18301392,-0.120025635
92,92,1.5333333333333334,0,346.53726,241.78563,-0.41583252,0.12791443
93,93,1.55,0,347.04642,241.89214,0.5091553,0.10650635
94,94,1.5666666666666667,0,346.55927,242.00392,-0.4871521,0.11178589
95,95,1.5833333333333333,0,347.15112,242.1907,0.5918579,0.18678284
96,96,1.6,0,346.6046,242.11258,-0.5465088,-0.078125
97,97,1.6166666666666667,0,346.8453,242.19955,0.24069214,0.0869751
98,98,1.6333333333333333,0,346.84433,242.10303,-0.0009765625,-0.0965271
99,99,1.65,0,346.58496,242.20782,-0.2593689,0.10479736
100,100,1.6666666666666667,0,347.0584,242.07329,0.4734497,-0.13453674
101,101,1.6833333333333333,0,346.56235,242.08823,-0.49606323,0.0149383545
102,102,1.7,0,347.22064,242.2093,0.6582947,0.12107849
103,103,1.7166666666666666,0,346.54913,242.02998,-0.6715088,-0.17932129
104,104,1.7333333333333334,0,346.90646,242.34569,0.35733032,0.31570435
105,105,1.75,0,346.71814,242.06099,-0.18832397,-0.2846985
106,106,1.7666666666666666,0,346.59146,242.10847,-0.12667847,0.04748535
107,107,1.7833333333333334,0,346.9018,242.1024,0.31033325,-0.006072998
108,108,1.8,0,346.4872,242.24254,-0.4145813,0.14013672
109,109,1.8166666666666667,0,347.16165,242.13289,0.6744385,-0.10964966
110,110,1.8333333333333333,0,346.49765,242.12541,-0.66400146,-0.0074768066
111,111,1.85,0,346.98254,242.25777,0.4848938,0.13235474
112,112,1.8666666666666667,0,346.62943,242.13583,-0.3531189,-0.12193298
113,113,1.8833333333333333,0,346.77185,242.17703,0.14242554,0.04119873
114,114,1.9,0,346.8456,242.11888,0.07376099,-0.058151245
115,115,1.9166666666666667,0,346.5788,242.223,-0.2668152,0.10412598
116,116,1.9333333333333333,0,347.0951,242.06622,0.5162964,-0.15678406
117,117,1.95,0,346.5926,242.0761,-0.50250244,0.0098724365
118,118,1.9666666666666666,0,347.08267,242.18001,0.4900818,0.10391235
119,119,1.9833333333333334,0,346.593,242.05083,-0.48968506,-0.12918091
120,120,2.0,0,346.83307,242.27306,0.24008179,0.222229
121,121,2.0166666666666666,0,346.83505,242.07155,0.0019836426,-0.20150757
122,122,2.033333333333333,0,346.58826,242.23378,-0.24679565,0.16223145
123,123,2.05,0,347.1048,242.10707,0.5165405,-0.12670898
124,124,2.066666666666667,0,346.58765,242.14229,-0.5171509,0.035217285
125,125,2.0833333333333335,0,347.10272,242.15694,0.5150757,0.0146484375
126,126,2.1,0,346.5882,242.12875,-0.51452637,-0.028182983
127,127,2.1166666666666667,0,347.0438,242.26276,0.45559692,0.13400269
128,128,2.1333333333333333,0,346.7924,242.06735,-0.2514038,-0.19540405
129,129,2.15,0,346.78345,242.15587,-0.00894165,0.088516235
130,130,2.1666666666666665,0,347.07785,242.0396,0.29440308,-0.11627197
131,131,2.183333333333333,0,346.5514,242.02919,-0.52645874,-0.010406494
132,132,2.2,0,347.22284,242.09952,0.67144775,0.07032776
133,133,2.216666666666667,0,346.55603,241.9681,-0.6668091,-0.13142395
134,134,2.2333333333333334,0,347.03796,242.09169,0.4819336,0.12359619
135,135,2.25,0,346.60474,241.94687,-0.43322754,-0.14482117
136,136,2.2666666666666666,0,346.82758,242.13458,0.22283936,0.18771362
137,137,2.283333333333333,0,346.83902,241.97456,0.011444092,-0.16001892
138,138,2.3,0,346.56503,241.9893,-0.27398682,0.01473999
139,139,2.316666666666667,0,347.12253,242.02003,0.5574951,0.030731201
140,140,2.3333333333333335,0,346.50073,242.03452,-0.62179565,0.014480591
141,141,2.35,0,347.16162,242.12608,0.6608887,0.09156799
142,142,2.3666666666666667,0,346.60852,241.97847,-0.5531006,-0.14761353
143,143,2.3833333333333333,0,346.8908,242.23338,0.2822876,0.25491333
144,144,2.4,0,346.8852,242.1187,-0.0056152344,-0.11468506
145,145,2.4166666666666665,0,346.67038,242.2181,-0.21481323,0.09939575
146,146,2.433333333333333,0,347.14426,242.11317,0.47387695,-0.10491943
147,147,2.45,0,346.46555,242.20306,-0.67871094,0.08988953
148,148,2.466666666666667,0,347.18127,242.17668,0.71572876,-0.026382446
149,149,2.4833333333333334,0,346.5331,242.13474,-0.64816284,-0.04194641
150,150,2.5,0,346.8704,242.09431,0.33728027,-0.040420532
151,151,2.5166666666666666,0,346.62735,242.08827,-0.24304199,-0.0060424805
152,152,2.533333333333333,0,346.74954,242.12141,0.12219238,0.03314209
153,153,2.55,0,346.8764,242.10724,0.12686157,-0.014175415
154,154,2.566666666666667,0,346.53378,242.1422,-0.34262085,0.034957886
155,155,2.5833333333333335,0,347.14993,242.1268,0.6161499,-0.015396118
156,156,2.6,0,346.53024,242.15285,-0.61968994,0.026046753
157,157,2.6166666666666667,0,346.9875,242.22298,0.45724487,0.070129395
158,158,2.6333333333333333,0,346.63623,242.12021,-0.35125732,-0.102767944
159,159,2.65,0,346.82425,242.28218,0.1880188,0.16197205
160,160,2.6666666666666665,0,346.71414,242.14511,-0.11010742,-0.1370697
161,161,2.683333333333333,0,346.6128,242.17233,-0.10134888,0.02722168
162,162,2.7,0,347.18805,242.10931,0.57525635,-0.0630188
163,163,2.716666666666667,0,346.45386,242.1248,-0.7341919,0.015487671
164,164,2.7333333333333334,0,347.11496,242.16153,0.6611023,0.036727905
165,165,2.75,0,346.57285,242.11386,-0.54211426,-0.047668457
166,166,2.7666666666666666,0,346.86258,242.15808,0.2897339,0.04421997
167,167,2.783333333333333,0,346.69443,242.11201,-0.16815186,-0.046066284
168,168,2.8,0,346.64514,242.26396,-0.04928589,0.15194702
169,169,2.816666666666667,0,346.91544,242.09839,0.2702942,-0.16557312
170,170,2.8333333333333335,0,346.55865,242.09962,-0.356781,0.0012359619
171,171,2.85,0,347.14142,242.09773,0.5827637,-0.0018920898
172,172,2.8666666666666667,0,346.44553,242.09589,-0.69589233,-0.0018463135
173,173,2.8833333333333333,0,346.9314,242.14046,0.48587036,0.044570923
174,174,2.9,0,346.66946,242.0679,-0.26193237,-0.07255554
175,175,2.9166666666666665,0,346.71716,242.19,0.047698975,0.12210083
176,176,2.933333333333333,0,346.92923,242.12961,0.21206665,-0.060394287
177,177,2.95,0,346.5818,242.11101,-0.34744263,-0.018600464
178,178,2.966666666666667,0,347.07947,242.12668,0.49768066,0.015670776
179,179,2.9833333333333334,0,346.4555,242.04904,-0.6239624,-0.07763672
180,180,3.0,0,347.08853,242.10376,0.6330261,0.054718018
181,181,3.0166666666666666,0,346.58743,241.95699,-0.50109863,-0.14677429
182,182,3.033333333333333,0,346.73715,242.18651,0.14971924,0.2295227
183,183,3.05,0,346.73224,241.92552,-0.00491333,-0.26098633
184,184,3.066666666666667,0,346.59717,241.96391,-0.1350708,0.038391113
185,185,3.0833333333333335,0,346.92245,242.0058,0.32528687,0.041885376
186,186,3.1,0,346.4479,242.01155,-0.47454834,0.0057525635
187,187,3.1166666666666667,0,347.14807,242.12315,0.7001648,0.11160278
188,188,3.1333333333333333,0,346.4583,242.02675,-0.6897583,-0.09640503
189,189,3.15,0,346.88974,242.11504,0.431427,0.08828735
190,190,3.1666666666666665,0,346.76465,242.08148,-0.12509155,-0.033554077
191,191,3.183333333333333,0,346.6631,242.11174,-0.1015625,0.030258179
192,192,3.2,0,346.97882,241.96881,0.31573486,-0.14292908
193,193,3.216666666666667,0,346.4988,241.98776,-0.480011,0.018951416
194,194,3.2333333333333334,0,347.2263,241.96619,0.727478,-0.021575928
195,195,3.25,0,346.49133,241.9608,-0.73495483,-0.0053863525
196,196,3.2666666666666666,0,346.90457,242.08388,0.41323853,0.12307739
197,197,3.283333333333333,0,346.68045,241.96696,-0.2241211,-0.11691284
198,198,3.3,0,346.7872,242.00958,0.10675049,0.042617798
199,199,3.316666666666667,0,346.88806,241.96132,0.100860596,-0.04826355
200,200,3.3333333333333335,0,346.67935,241.97867,-0.20870972,0.017349243
201,201,3.35,0,347.21323,241.98956,0.5338745,0.010894775
202,202,3.3666666666666667,0,346.65765,241.9787,-0.5555725,-0.010864258
203,203,3.3833333333333333,0,347.16254,242.11867,0.5048828,0.13996887
204,204,3.4,0,346.6892,241.99872,-0.47332764,-0.11994934
205,205,3.4166666666666665,0,346.92642,242.11562,0.23721313,0.11689758
206,206,3.433333333333333,0,346.80237,242.13063,-0.124053955,0.015014648
207,207,3.45,0,346.69647,242.17976,-0.105895996,0.0491333
208,208,3.466666666666667,0,347.18463,242.12169,0.48815918,-0.05807495
209,209,3.4833333333333334,0,346.69727,242.18004,-0.48736572,0.05834961
210,210,3.5,0,347.21732,242.16933,0.52005005,-0.01071167
211,211,3.5166666666666666,0,346.69766,242.18141,-0.5196533,0.012084961
212,212,3.533333333333333,0,346.9644,242.17921,0.26672363,-0.0021972656
213,213,3.55,0,346.69675,242.18115,-0.26763916,0.0019378662
214,214,3.566666666666667,0,346.69626,242.38145,-0.00048828125,0.20030212
215,215,3.5833333333333335,0,346.71283,242.75806,0.016571045,0.37660217
216,216,3.6,0,346.48325,242.25723,-0.22958374,-0.500824
217,217,3.6166666666666667,0,346.93277,241.93468,0.44952393,-0.32255554
218,218,3.6333333333333333,0,346.46414,241.65028,-0.46862793,-0.2843933
219,219,3.65,0,347.22186,242.17447,0.75772095,0.5241852
