,iteration,time,id,x,y,dx,dy
0,0,0.0,0,346.00018,242.21202,0.00018310547,0.21202087
1,1,0.016666666666666666,0,346.02628,242.119,0.02609253,-0.09301758
2,2,0.03333333333333333,0,346.0081,242.23499,-0.018188477,0.115982056
3,3,0.05,0,346.00204,242.2048,-0.0060424805,-0.030181885
4,4,0.06666666666666667,0,346.06796,242.20535,0.06591797,0.0005493164
5,5,0.08333333333333333,0,346.0343,242.49854,-0.03366089,0.29318237
6,6,0.1,0,346.04495,242.32382,0.010650635,-0.17471313
7,7,0.11666666666666667,0,346.04214,242.30429,-0.0028076172,-0.01953125
8,8,0.13333333333333333,0,346.04208,242.36049,-6.1035156e-05,0.05619812
9,9,0.15,0,346.0448,242.38205,0.0027160645,0.021560669
10,10,0.16666666666666666,0,346.043,242.38055,-0.0018005371,-0.0014953613
11,11,0.18333333333333332,0,346.0411,242.37875,-0.0018920898,-0.0018005371
12,12,0.2,0,346.06906,242.39221,0.027954102,0.013458252
13,13,0.21666666666666667,0,346.09903,242.36685,0.029968262,-0.025360107
14,14,0.23333333333333334,0,346.09912,242.36688,9.1552734e-05,3.0517578e-05
15,15,0.25,0,346.09927,242.36787,0.00015258789,0.0009918213
16,16,0.26666666666666666,0,346.1135,242.34322,0.014221191,-0.024658203
17,17,0.2833333333333333,0,346.11145,242.3384,-0.0020446777,-0.0048217773
18,18,0.3,0,346.1173,242.32405,0.005859375,-0.014343262
19,19,0.31666666666666665,0,346.12903,242.3191,0.01171875,-0.0049438477
20,20,0.3333333333333333,0,346.11237,242.32024,-0.016662598,0.0011291504
21,21,0.35,0,346.1021,242.3268,-0.010253906,0.0065612793
22,22,0.36666666666666664,0,346.0897,242.33086,-0.012420654,0.004058838
23,23,0.38333333333333336,0,346.08084,242.34204,-0.008850098,0.011184692
24,24,0.4,0,346.07446,242.32834,-0.006378174,-0.013702393
25,25,0.4166666666666667,0,346.0673,242.31807,-0.007171631,-0.010269165
26,26,0.43333333333333335,0,346.0662,242.32043,-0.0010986328,0.0023651123
27,27,0.45,0,346.06485,242.31989,-0.0013427734,-0.0005493164
28,28,0.4666666666666667,0,346.06503,242.31845,0.00018310547,-0.0014343262
29,29,0.48333333333333334,0,346.06497,242.31888,-6.1035156e-05,0.0004272461
30,30,0.5,0,346.04443,242.2583,-0.02053833,-0.060577393
31,31,0.5166666666666667,0,346.04297,242.26102,-0.0014648438,0.0027160645
32,32,0.5333333333333333,0,346.0538,242.2434,0.01083374,-0.017623901
33,33,0.55,0,346.05405,242.24646,0.00024414062,0.0030670166
34,34,0.5666666666666667,0,346.05548,242.23642,0.0014343262,-0.010040283
35,35,0.5833333333333334,0,346.0523,242.22546,-0.0031738281,-0.010955811
36,36,0.6,0,346.0519,242.18208,-0.00039672852,-0.043380737
37,37,0.6166666666666667,0,346.0524,242.18053,0.00048828125,-0.0015563965
38,38,0.6333333333333333,0,346.05194,242.18097,-0.00045776367,0.00044250488
39,39,0.65,0,346.052,242.1817,6.1035156e-05,0.0007324219
40,40,0.6666666666666666,0,346.0193,242.18356,-0.032714844,0.0018615723
41,41,0.6833333333333333,0,345.99237,242.18765,-0.026916504,0.0040893555
42,42,0.7,0,346.00677,242.1994,0.014404297,0.011749268
43,43,0.7166666666666667,0,346.02063,242.21849,0.0138549805,0.019088745
44,44,0.7333333333333333,0,346.04904,242.19135,0.028411865,-0.027145386
45,45,0.75,0,346.0221,242.21567,-0.026947021,0.02432251
46,46,0.7666666666666667,0,346.0241,242.21883,0.0020141602,0.0031585693
47,47,0.7833333333333333,0,346.02524,242.22095,0.0011291504,0.0021209717
48,48,0.8,0,346.0251,242.22095,-0.00015258789,0.0
49,49,0.8166666666666667,0,346.02347,242.21729,-0.0016174316,-0.0036621094
50,50,0.8333333333333334,0,346.0247,242.2165,0.0012207031,-0.00077819824
51,51,0.85,0,346.0241,242.21902,-0.000579834,0.0025177002
52,52,0.8666666666666667,0,346.02554,242.21979,0.0014343262,0.00076293945
53,53,0.8833333333333333,0,346.02502,242.22011,-0.0005187988,0.00032043457
54,54,0.9,0,346.0218,242.19853,-0.0032348633,-0.021575928
55,55,0.9166666666666666,0,346.0572,242.13802,0.03540039,-0.060516357
56,56,0.9333333333333333,0,346.05746,242.1417,0.0002746582,0.0036773682
57,57,0.95,0,346.05725,242.13794,-0.00021362305,-0.003753662
58,58,0.9666666666666667,0,346.01797,242.18568,-0.039276123,0.04774475
59,59,0.9833333333333333,0,346.05807,242.14015,0.040100098,-0.045532227
60,60,1.0,0,346.04092,242.16537,-0.017150879,0.025222778
61,61,1.0166666666666666,0,346.02216,242.2008,-0.01876831,0.03543091
62,62,1.0333333333333334,0,346.0165,242.17789,-0.005645752,-0.022918701
63,63,1.05,0,346.01453,242.17159,-0.0019836426,-0.00630188
64,64,1.0666666666666667,0,346.01425,242.16948,-0.0002746582,-0.002105713
65,65,1.0833333333333333,0,346.0147,242.17569,0.00045776367,0.006210327
66,66,1.1,0,346.001,242.18086,-0.013702393,0.0051727295
67,67,1.1166666666666667,0,345.98816,242.21196,-0.0128479,0.031097412
68,68,1.1333333333333333,0,345.97488,242.22751,-0.0132751465,0.015548706
69,69,1.15,0,345.96512,242.25647,-0.009765625,0.028961182
70,70,1.1666666666666667,0,345.9625,242.22534,-0.0026245117,-0.03112793
71,71,1.1833333333333333,0,345.96545,242.20586,0.002960205,-0.019485474
72,72,1.2,0,345.969,242.17598,0.003540039,-0.029876709
73,73,1.2166666666666666,0,345.96848,242.156,-0.0005187988,-0.019973755
74,74,1.2333333333333334,0,345.9652,242.19785,-0.0032653809,0.0418396
75,75,1.25,0,345.96878,242.1575,0.0035705566,-0.04034424
76,76,1.2666666666666666,0,345.9693,242.15967,0.0005187988,0.002166748
77,77,1.2833333333333334,0,345.97006,242.16124,0.00076293945,0.0015716553
78,78,1.3,0,345.97012,242.15695,6.1035156e-05,-0.0042877197
79,79,1.3166666666666667,0,345.96915,242.15787,-0.0009765625,0.00091552734
80,80,1.3333333333333333,0,345.96933,242.15923,0.00018310547,0.0013580322
81,81,1.35,0,345.96426,242.18378,-0.005065918,0.024551392
82,82,1.3666666666666667,0,345.96997,242.16254,0.005706787,-0.021240234
83,83,1.3833333333333333,0,345.96802,242.1787,-0.001953125,0.016159058
84,84,1.4,0,345.9701,242.16365,0.0020751953,-0.015045166
85,85,1.4166666666666667,0,345.97504,242.18034,0.0049438477,0.016693115
86,86,1.4333333333333333,0,345.97318,242.17004,-0.0018615723,-0.010299683
87,87,1.45,0,345.97366,242.17178,0.00048828125,0.001739502
88,88,1.4666666666666666,0,345.97104,242.17006,-0.0026245117,-0.0017242432
89,89,1.4833333333333334,0,345.97012,242.16942,-0.00091552734,-0.00064086914
90,90,1.5,0,345.97015,242.16785,3.0517578e-05,-0.0015716553
91,91,1.5166666666666666,0,345.97018,242.16931,3.0517578e-05,0.0014648438
92,92,1.5333333333333334,0,345.97015,242.16919,-3.0517578e-05,-0.00012207031
93,93,1.55,0,345.9702,242.16924,6.1035156e-05,4.5776367e-05
94,94,1.5666666666666667,0,345.97025,242.16898,3.0517578e-05,-0.0002593994
95,95,1.5833333333333333,0,345.97028,242.1692,3.0517578e-05,0.00022888184
96,96,1.6,0,345.97015,242.16891,-0.00012207031,-0.000289917
97,97,1.6166666666666667,0,345.97006,242.1693,-9.1552734e-05,0.00038146973
98,98,1.6333333333333333,0,346.00192,242.16519,0.03186035,-0.0041046143
99,99,1.65,0,346.00543,242.17444,0.0035095215,0.009246826
100,100,1.6666666666666667,0,346.00586,242.17172,0.0004272461,-0.0027160645
101,101,1.6833333333333333,0,346.00543,242.17282,-0.0004272461,0.0010986328
102,102,1.7,0,346.0054,242.1721,-3.0517578e-05,-0.0007171631
103,103,1.7166666666666666,0,346.00577,242.17056,0.00036621094,-0.0015411377
104,104,1.7333333333333334,0,346.0058,242.17076,3.0517578e-05,0.00019836426
105,105,1.75,0,346.006,242.1731,0.00021362305,0.0023345947
106,106,1.7666666666666666,0,346.01044,242.17064,0.004425049,-0.002456665
107,107,1.7833333333333334,0,346.01495,242.16992,0.0045166016,-0.0007171631
108,108,1.8,0,346.01852,242.1694,0.0035705566,-0.0005187988
109,109,1.8166666666666667,0,346.0242,242.16942,0.0056762695,1.5258789e-05
110,110,1.8333333333333333,0,346.02512,242.16965,0.00091552734,0.00022888184
111,111,1.85,0,346.02463,242.17023,-0.00048828125,0.000579834
112,112,1.8666666666666667,0,346.0248,242.17075,0.00018310547,0.0005187988
113,113,1.8833333333333333,0,346.0254,242.17126,0.000579834,0.0005187988
114,114,1.9,0,346.0161,242.17844,-0.009277344,0.007171631
115,115,1.9166666666666667,0,346.01538,242.19215,-0.0007324219,0.013717651
116,116,1.9333333333333333,0,346.01157,242.20004,-0.0038146973,0.007888794
117,117,1.95,0,346.01575,242.21815,0.004180908,0.018112183
118,118,1.9666666666666666,0,346.01617,242.2179,0.0004272461,-0.0002593994
119,119,1.9833333333333334,0,346.0172,242.22118,0.0010375977,0.0032806396
120,120,2.0,0,346.01724,242.22116,3.0517578e-05,-1.5258789e-05
121,121,2.0166666666666666,0,346.01804,242.22499,0.00079345703,0.003829956
122,122,2.033333333333333,0,346.01666,242.21437,-0.001373291,-0.010620117
123,123,2.05,0,346.01413,242.20615,-0.002532959,-0.008224487
124,124,2.066666666666667,0,346.0118,242.19695,-0.002319336,-0.00920105
125,125,2.0833333333333335,0,346.018,242.19812,0.0061950684,0.0011749268
126,126,2.1,0,346.03583,242.15593,0.017822266,-0.04219055
127,127,2.1166666666666667,0,346.05582,242.13165,0.019989014,-0.024276733
128,128,2.1333333333333333,0,346.01108,242.19516,-0.04473877,0.06350708
129,129,2.15,0,346.05313,242.12665,0.042053223,-0.06851196
130,130,2.1666666666666665,0,346.01102,242.18158,-0.042114258,0.05493164
131,131,2.183333333333333,0,346.03455,242.15173,0.023529053,-0.029846191
132,132,2.2,0,346.02563,242.16716,-0.008911133,0.015426636
133,133,2.216666666666667,0,346.01318,242.18599,-0.012451172,0.018829346
134,134,2.2333333333333334,0,346.0309,242.19777,0.017730713,0.011779785
135,135,2.25,0,346.03885,242.18016,0.00793457,-0.017608643
136,136,2.2666666666666666,0,346.04126,242.19362,0.0024108887,0.013458252
137,137,2.283333333333333,0,346.0192,242.31161,-0.022064209,0.117996216
138,138,2.3,0,346.02954,242.24884,0.010345459,-0.06277466
139,139,2.316666666666667,0,346.02142,242.27742,-0.008117676,0.028579712
140,140,2.3333333333333335,0,346.021,242.2612,-0.0004272461,-0.016220093
141,141,2.35,0,346.03122,242.2555,0.010223389,-0.005706787
142,142,2.3666666666666667,0,346.02948,242.25026,-0.001739502,-0.0052337646
143,143,2.3833333333333333,0,346.03198,242.25667,0.0025024414,0.0064086914
144,144,2.4,0,346.0375,242.26248,0.0055236816,0.0058135986
145,145,2.4166666666666665,0,346.0481,242.27666,0.0105896,0.014175415
146,146,2.433333333333333,0,346.04208,242.257,-0.006011963,-0.01965332
147,147,2.45,0,346.04053,242.24765,-0.0015563965,-0.009353638
148,148,2.466666666666667,0,346.038,242.25052,-0.002532959,0.0028686523
149,149,2.4833333333333334,0,346.03992,242.25606,0.0019226074,0.0055389404
150,150,2.5,0,346.0374,242.24127,-0.0025024414,-0.014785767
151,151,2.5166666666666666,0,346.04022,242.25606,0.0028076172,0.014785767
152,152,2.533333333333333,0,346.03815,242.25102,-0.0020751953,-0.0050354004
153,153,2.55,0,346.0386,242.25404,0.00045776367,0.0030212402
154,154,2.566666666666667,0,346.0377,242.25237,-0.00091552734,-0.0016784668
155,155,2.5833333333333335,0,346.03726,242.25407,-0.0004272461,0.0017089844
156,156,2.6,0,346.0399,242.26248,0.0026245117,0.008407593
157,157,2.6166666666666667,0,346.04575,242.28008,0.005859375,0.017593384
158,158,2.6333333333333333,0,346.04965,242.29216,0.00390625,0.012084961
159,159,2.65,0,346.0561,242.31282,0.006439209,0.0206604
160,160,2.6666666666666665,0,346.03403,242.24634,-0.022064209,-0.066482544
161,161,2.683333333333333,0,346.04782,242.28351,0.013793945,0.03717041
162,162,2.7,0,346.04712,242.28091,-0.0007019043,-0.0025939941
163,163,2.716666666666667,0,346.05118,242.29396,0.004058838,0.013046265
164,164,2.7333333333333334,0,346.04553,242.25032,-0.005645752,-0.043640137
165,165,2.75,0,346.04764,242.22362,0.002105713,-0.02670288
166,166,2.7666666666666666,0,346.0354,242.38629,-0.012237549,0.16267395
167,167,2.783333333333333,0,346.04694,242.22098,0.0115356445,-0.16531372
168,168,2.8,0,346.05002,242.2823,0.0030822754,0.061325073
169,169,2.816666666666667,0,346.04675,242.22144,-0.0032653809,-0.06086731
170,170,2.8333333333333335,0,346.04507,242.2168,-0.0016784668,-0.004638672
171,171,2.85,0,346.04456,242.21556,-0.0005187988,-0.0012359619
172,172,2.8666666666666667,0,346.04285,242.24542,-0.0017089844,0.02986145
173,173,2.8833333333333333,0,346.04785,242.27788,0.005004883,0.032455444
174,174,2.9,0,346.04184,242.23894,-0.006011963,-0.03894043
175,175,2.9166666666666665,0,346.0362,242.32167,-0.005645752,0.082733154
176,176,2.933333333333333,0,346.04193,242.28685,0.0057373047,-0.034820557
177,177,2.95,0,346.03394,242.32335,-0.0079956055,0.036499023
178,178,2.966666666666667,0,346.05017,242.27258,0.016235352,-0.05076599
179,179,2.9833333333333334,0,346.03207,242.32231,-0.018096924,0.049728394
180,180,3.0,0,346.03754,242.29382,0.0054626465,-0.02848816
181,181,3.0166666666666666,0,346.0494,242.27214,0.011871338,-0.02168274
182,182,3.033333333333333,0,346.0519,242.27022,0.0025024414,-0.0019226074
183,183,3.05,0,346.05222,242.27501,0.00030517578,0.0047912598
184,184,3.066666666666667,0,346.0338,242.3183,-0.0184021,0.043289185
185,185,3.0833333333333335,0,346.05188,242.27353,0.018066406,-0.044769287
186,186,3.1,0,346.04718,242.27162,-0.004699707,-0.0019073486
187,187,3.1166666666666667,0,346.04382,242.27011,-0.0033569336,-0.0015106201
188,188,3.1333333333333333,0,346.03925,242.2729,-0.0045776367,0.0027923584
189,189,3.15,0,346.03912,242.2773,-0.00012207031,0.0043945312
190,190,3.1666666666666665,0,346.03793,242.27484,-0.0011901855,-0.002456665
191,191,3.183333333333333,0,346.04,242.27599,0.0020751953,0.0011444092
192,192,3.2,0,346.04056,242.2757,0.0005493164,-0.000289917
193,193,3.216666666666667,0,346.04074,242.27931,0.00018310547,0.003616333
194,194,3.2333333333333334,0,346.04034,242.28485,-0.00039672852,0.0055389404
195,195,3.25,0,346.04025,242.28024,-9.1552734e-05,-0.0046081543
196,196,3.2666666666666666,0,346.04,242.28346,-0.00024414062,0.0032196045
197,197,3.283333333333333,0,346.03964,242.28482,-0.00036621094,0.0013580322
198,198,3.3,0,346.03958,242.28519,-6.1035156e-05,0.00036621094
199,199,3.316666666666667,0,346.0395,242.28503,-9.1552734e-05,-0.00015258789
200,200,3.3333333333333335,0,346.0394,242.28561,-9.1552734e-05,0.000579834
201,201,3.35,0,346.0395,242.28383,9.1552734e-05,-0.0017852783
202,202,3.3666666666666667,0,346.0395,242.28383,0.0,0.0
203,203,3.3833333333333333,0,346.0395,242.28383,0.0,0.0
204,204,3.4,0,346.0395,242.28383,0.0,0.0
205,205,3.4166666666666665,0,346.0395,242.28383,0.0,0.0
206,206,3.433333333333333,0,346.03604,242.28316,-0.0034484863,-0.0006713867
207,207,3.45,0,346.0355,242.29025,-0.0005493164,0.007095337
208,208,3.466666666666667,0,346.0321,242.29276,-0.0033874512,0.0025024414
209,209,3.4833333333333334,0,346.03397,242.30441,0.0018615723,0.011657715
210,210,3.5,0,346.03098,242.29376,-0.0029907227,-0.010650635
211,211,3.5166666666666666,0,346.03235,242.29398,0.001373291,0.00021362305
212,212,3.533333333333333,0,346.03165,242.29106,-0.0007019043,-0.0029144287
213,213,3.55,0,346.03558,242.29167,0.0039367676,0.00061035156
214,214,3.566666666666667,0,346.0316,242.28035,-0.0039978027,-0.0113220215
215,215,3.5833333333333335,0,346.0307,242.2776,-0.00088500977,-0.002746582
216,216,3.6,0,346.03003,242.27588,-0.0006713867,-0.0017242432
217,217,3.6166666666666667,0,346.0304,242.27774,0.00036621094,0.0018615723
218,218,3.6333333333333333,0,346.03024,242.28273,-0.00015258789,0.004989624
219,219,3.65,0,346.03064,242.28725,0.00039672852,0.0045166016
220,220,3.6666666666666665,0,346.0309,242.2877,0.0002746582,0.00045776367
221,221,3.683333333333333,0,346.03177,242.28969,0.0008544922,0.0019836426
222,222,3.7,0,346.03177,242.28969,0.0,0.0
223,223,3.716666666666667,0,346.0318,242.28937,3.0517578e-05,-0.00032043457
224,224,3.7333333333333334,0,346.03192,242.28749,0.00012207031,-0.001876831
225,225,3.75,0,346.0309,242.28679,-0.0010070801,-0.0007019043
226,226,3.7666666666666666,0,346.0044,242.28928,-0.026519775,0.0024871826
227,227,3.783333333333333,0,345.98367,242.2947,-0.020721436,0.00541687
228,228,3.8,0,345.98367,242.2947,0.0,0.0
229,229,3.816666666666667,0,345.98367,242.2947,0.0,0.0
230,230,3.8333333333333335,0,345.98367,242.2947,0.0,0.0
231,231,3.85,0,345.98367,242.2947,0.0,0.0
232,232,3.8666666666666667,0,345.98367,242.2947,0.0,0.0
233,233,3.8833333333333333,0,345.9837,242.29218,3.0517578e-05,-0.0025177002
234,234,3.9,0,345.98386,242.2921,0.00015258789,-7.6293945e-05
235,235,3.9166666666666665,0,345.984,242.29207,0.00015258789,-3.0517578e-05
236,236,3.933333333333333,0,345.984,242.29225,0.0,0.00018310547
237,237,3.95,0,345.984,242.29228,0.0,3.0517578e-05
238,238,3.966666666666667,0,345.9836,242.29033,-0.00039672852,-0.001953125
239,239,3.9833333333333334,0,345.98398,242.29251,0.00036621094,0.0021820068
240,240,4.0,0,345.98425,242.28906,0.0002746582,-0.0034484863
241,241,4.016666666666667,0,345.98376,242.29123,-0.00048828125,0.002166748
242,242,4.033333333333333,0,345.97244,242.40695,-0.0113220215,0.115722656
243,243,4.05,0,345.96555,242.37865,-0.0068969727,-0.028305054
244,244,4.066666666666666,0,345.96698,242.43205,0.0014343262,0.05340576
245,245,4.083333333333333,0,345.97296,242.49297,0.0059814453,0.060913086
246,246,4.1,0,345.9588,242.40141,-0.014160156,-0.091552734
247,247,4.116666666666666,0,345.69797,242.52423,-0.26083374,0.12281799
248,248,4.133333333333334,0,345.78094,241.66344,0.082977295,-0.86079407
249,249,4.15,0,345.7459,241.82584,-0.03503418,0.16239929
250,250,4.166666666666667,0,346.01685,241.82692,0.27093506,0.001083374
251,251,4.183333333333334,0,345.83316,242.3254,-0.1836853,0.49847412
252,252,4.2,0,346.01978,242.08072,0.18661499,-0.24467468
