,iteration,time,id,x,y,dx,dy
0,0,0.0,0,346.25037,241.87566,0.2503662,1.8756561
1,1,0.016666666666666666,0,346.15805,240.84735,-0.092315674,-1.028305
2,2,0.03333333333333333,0,346.2227,242.26472,0.06463623,1.4173737
3,3,0.05,0,346.23688,242.26546,0.014190674,0.0007324219
4,4,0.06666666666666667,0,346.7554,242.4522,0.51852417,0.18673706
5,5,0.08333333333333333,0,346.54425,243.47212,-0.21115112,1.019928
6,6,0.1,0,346.77643,242.79399,0.23217773,-0.6781311
7,7,0.11666666666666667,0,346.78418,242.76733,0.007751465,-0.026657104
8,8,0.13333333333333333,0,346.51947,242.96413,-0.26470947,0.1967926
9,9,0.15,0,346.52972,243.02533,0.010253906,0.061203003
10,10,0.16666666666666666,0,346.52435,242.98125,-0.0053710938,-0.04408264
11,11,0.18333333333333332,0,346.52127,242.94893,-0.0030822754,-0.032318115
12,12,0.2,0,346.6727,243.01202,0.15142822,0.06309509
13,13,0.21666666666666667,0,346.80997,242.91782,0.13726807,-0.09420776
14,14,0.23333333333333334,0,346.80948,242.9155,-0.00048828125,-0.002319336
15,15,0.25,0,346.8089,242.91898,-0.000579834,0.003479004
16,16,0.26666666666666666,0,346.81686,242.86261,0.007965088,-0.056365967
17,17,0.2833333333333333,0,346.8207,242.82327,0.0038452148,-0.03933716
18,18,0.3,0,346.83102,242.79274,0.010314941,-0.030532837
19,19,0.31666666666666665,0,346.83377,242.73145,0.002746582,-0.061294556
20,20,0.3333333333333333,0,346.76733,242.69662,-0.06643677,-0.034820557
21,21,0.35,0,346.7092,242.6706,-0.058135986,-0.026031494
22,22,0.36666666666666664,0,346.70364,242.66942,-0.005554199,-0.0011749268
23,23,0.38333333333333336,0,346.584,242.62308,-0.119628906,-0.046340942
24,24,0.4,0,346.5833,242.62189,-0.0007019043,-0.0011901855
25,25,0.4166666666666667,0,346.58356,242.62196,0.00024414062,7.6293945e-05
26,26,0.43333333333333335,0,346.58414,242.62204,0.000579834,7.6293945e-05
27,27,0.45,0,346.58487,242.62195,0.0007324219,-9.1552734e-05
28,28,0.4666666666666667,0,346.5752,242.77386,-0.009674072,0.1519165
29,29,0.48333333333333334,0,346.57568,242.77504,0.00048828125,0.0011749268
30,30,0.5,0,346.54205,242.63278,-0.03363037,-0.14225769
31,31,0.5166666666666667,0,346.51016,242.50528,-0.03189087,-0.12750244
32,32,0.5333333333333333,0,346.505,242.50064,-0.0051574707,-0.004638672
33,33,0.55,0,346.50983,242.52357,0.0048217773,0.02293396
34,34,0.5666666666666667,0,346.51428,242.52144,0.0044555664,-0.0021362305
35,35,0.5833333333333334,0,346.51996,242.57501,0.0056762695,0.05357361
36,36,0.6,0,346.51266,242.2581,-0.007293701,-0.3169098
37,37,0.6166666666666667,0,346.51794,241.95758,0.005279541,-0.30052185
38,38,0.6333333333333333,0,346.51758,242.18019,-0.00036621094,0.22261047
39,39,0.65,0,346.5255,242.24252,0.00793457,0.062332153
40,40,0.6666666666666666,0,346.4553,242.23854,-0.07022095,-0.003982544
41,41,0.6833333333333333,0,346.3853,242.26843,-0.06997681,0.029891968
42,42,0.7,0,346.31442,242.31812,-0.070892334,0.049682617
43,43,0.7166666666666667,0,346.23975,242.38277,-0.07467651,0.06465149
44,44,0.7333333333333333,0,346.38214,242.32344,0.14239502,-0.059326172
45,45,0.75,0,346.23615,242.37344,-0.1459961,0.05000305
46,46,0.7666666666666667,0,346.23566,242.37256,-0.00048828125,-0.00088500977
47,47,0.7833333333333333,0,346.23645,242.37712,0.00079345703,0.004562378
48,48,0.8,0,346.2362,242.37717,-0.00024414062,4.5776367e-05
49,49,0.8166666666666667,0,346.23636,242.3771,0.00015258789,-6.1035156e-05
50,50,0.8333333333333334,0,346.23642,242.37701,6.1035156e-05,-9.1552734e-05
51,51,0.85,0,346.2365,242.37677,9.1552734e-05,-0.00024414062
52,52,0.8666666666666667,0,346.23633,242.37692,-0.00018310547,0.00015258789
53,53,0.8833333333333333,0,346.23648,242.37674,0.00015258789,-0.00018310547
54,54,0.9,0,346.2544,242.35854,0.017913818,-0.018203735
55,55,0.9166666666666666,0,346.27814,241.6677,0.023742676,-0.6908417
56,56,0.9333333333333333,0,346.28046,241.93434,0.002319336,0.26664734
57,57,0.95,0,346.2787,241.66785,-0.0017700195,-0.26649475
58,58,0.9666666666666667,0,346.04102,241.91959,-0.2376709,0.2517395
59,59,0.9833333333333333,0,346.2822,241.85184,0.24118042,-0.06774902
60,60,1.0,0,346.1688,241.908,-0.11340332,0.056167603
61,61,1.0166666666666666,0,346.07468,242.15121,-0.09411621,0.24320984
62,62,1.0333333333333334,0,346.04984,241.89069,-0.024841309,-0.26052856
63,63,1.05,0,346.055,241.83617,0.0051574707,-0.054519653
64,64,1.0666666666666667,0,346.05145,241.81133,-0.003540039,-0.024841309
65,65,1.0833333333333333,0,346.05548,241.83658,0.0040283203,0.025253296
66,66,1.1,0,346.03528,241.96208,-0.020202637,0.12550354
67,67,1.1166666666666667,0,346.00754,242.06639,-0.027740479,0.10430908
68,68,1.1333333333333333,0,346.03638,242.32603,0.028839111,0.25964355
69,69,1.15,0,346.04025,242.38496,0.0038757324,0.058929443
70,70,1.1666666666666667,0,345.92932,242.31223,-0.1109314,-0.07273865
71,71,1.1833333333333333,0,345.82407,242.24449,-0.10525513,-0.067733765
72,72,1.2,0,345.80765,242.04538,-0.016418457,-0.19911194
73,73,1.2166666666666666,0,345.79028,241.84175,-0.017364502,-0.20362854
74,74,1.2333333333333334,0,345.79614,241.88861,0.005859375,0.04685974
75,75,1.25,0,345.79025,241.84143,-0.0058898926,-0.047180176
76,76,1.2666666666666666,0,345.79666,241.8742,0.0064086914,0.03277588
77,77,1.2833333333333334,0,345.8053,241.90988,0.008636475,0.03567505
78,78,1.3,0,345.80292,241.8738,-0.002380371,-0.036087036
79,79,1.3166666666666667,0,345.80206,241.84059,-0.0008544922,-0.033203125
80,80,1.3333333333333333,0,345.816,241.89616,0.013946533,0.05557251
81,81,1.35,0,345.83633,241.96977,0.020324707,0.0736084
82,82,1.3666666666666667,0,345.8362,241.9698,-0.00012207031,3.0517578e-05
83,83,1.3833333333333333,0,345.8362,241.9698,0.0,0.0
84,84,1.4,0,345.83347,241.94638,-0.002746582,-0.023422241
85,85,1.4166666666666667,0,345.82898,241.9149,-0.004486084,-0.03147888
86,86,1.4333333333333333,0,345.8355,241.66916,0.0065307617,-0.2457428
87,87,1.45,0,345.81998,241.85335,-0.015533447,0.18418884
88,88,1.4666666666666666,0,345.8266,241.61836,0.0066223145,-0.23498535
89,89,1.4833333333333334,0,345.82147,241.8525,-0.005126953,0.23413086
90,90,1.5,0,345.8287,241.88623,0.007232666,0.033737183
91,91,1.5166666666666666,0,345.8217,241.85263,-0.007019043,-0.033599854
92,92,1.5333333333333334,0,345.82162,241.85281,-6.1035156e-05,0.00018310547
93,93,1.55,0,345.82147,241.85272,-0.00015258789,-9.1552734e-05
94,94,1.5666666666666667,0,345.82147,241.8528,0.0,7.6293945e-05
95,95,1.5833333333333333,0,345.82135,241.85272,-0.00012207031,-7.6293945e-05
96,96,1.6,0,345.82156,241.85315,0.00021362305,0.0004272461
97,97,1.6166666666666667,0,345.82162,241.85316,6.1035156e-05,1.5258789e-05
98,98,1.6333333333333333,0,346.07895,242.03111,0.25732422,0.177948
99,99,1.65,0,346.10117,242.1041,0.022216797,0.07298279
100,100,1.6666666666666667,0,346.10193,242.10931,0.00076293945,0.005218506
101,101,1.6833333333333333,0,346.10437,242.12236,0.0024414062,0.013046265
102,102,1.7,0,346.1049,242.12213,0.0005187988,-0.00022888184
103,103,1.7166666666666666,0,346.10645,242.13034,0.0015563965,0.0082092285
104,104,1.7333333333333334,0,346.13477,242.15472,0.028320312,0.024383545
105,105,1.75,0,346.13248,242.15117,-0.0022888184,-0.0035552979
106,106,1.7666666666666666,0,346.1495,242.1656,0.017028809,0.014434814
107,107,1.7833333333333334,0,346.17105,242.18687,0.02154541,0.021270752
108,108,1.8,0,346.21545,242.18115,0.044403076,-0.005722046
109,109,1.8166666666666667,0,346.2643,242.19301,0.048858643,0.011856079
110,110,1.8333333333333333,0,346.3024,242.19775,0.038085938,0.0047454834
111,111,1.85,0,346.3519,242.19943,0.04949951,0.0016784668
112,112,1.8666666666666667,0,346.35532,242.21297,0.0034179688,0.013534546
113,113,1.8833333333333333,0,346.35916,242.24583,0.0038452148,0.03286743
114,114,1.9,0,346.3072,242.25859,-0.051971436,0.012756348
115,115,1.9166666666666667,0,346.26804,242.30327,-0.039154053,0.044677734
116,116,1.9333333333333333,0,346.269,242.37572,0.0009765625,0.07244873
117,117,1.95,0,346.27036,242.4505,0.0013427734,0.074783325
118,118,1.9666666666666666,0,346.30457,242.45297,0.034210205,0.0024719238
119,119,1.9833333333333334,0,346.33163,242.39302,0.027069092,-0.059951782
120,120,2.0,0,346.31512,242.37753,-0.01651001,-0.015487671
121,121,2.0166666666666666,0,346.30487,242.3751,-0.010253906,-0.0024261475
122,122,2.033333333333333,0,346.29395,242.36757,-0.010925293,-0.007537842
123,123,2.05,0,346.28503,242.37183,-0.008911133,0.004257202
124,124,2.066666666666667,0,346.28412,242.36955,-0.00091552734,-0.0022735596
125,125,2.0833333333333335,0,346.2839,242.37054,-0.00021362305,0.0009918213
126,126,2.1,0,346.3694,242.06384,0.08547974,-0.30670166
127,127,2.1166666666666667,0,346.4515,241.75948,0.0821228,-0.30436707
128,128,2.1333333333333333,0,346.2925,242.38364,-0.15899658,0.62416077
129,129,2.15,0,346.44916,241.48555,0.15664673,-0.89808655
130,130,2.1666666666666665,0,346.27533,242.06458,-0.17382812,0.57902527
131,131,2.183333333333333,0,346.41724,241.80467,0.14190674,-0.25990295
132,132,2.2,0,346.3468,241.94058,-0.07043457,0.13591003
133,133,2.216666666666667,0,346.28815,242.13492,-0.058654785,0.19433594
134,134,2.2333333333333334,0,346.35156,242.08276,0.06341553,-0.05215454
135,135,2.25,0,346.41864,242.0547,0.06707764,-0.028060913
136,136,2.2666666666666666,0,346.426,242.10681,0.0073547363,0.052108765
137,137,2.283333333333333,0,346.3754,243.01306,-0.050598145,0.90625
138,138,2.3,0,346.43448,242.63142,0.05908203,-0.38163757
139,139,2.316666666666667,0,346.39142,242.84091,-0.043060303,0.20948792
140,140,2.3333333333333335,0,346.43997,242.77129,0.048553467,-0.069625854
141,141,2.35,0,346.49158,242.70122,0.051605225,-0.07006836
142,142,2.3666666666666667,0,346.48984,242.55162,-0.001739502,-0.14959717
143,143,2.3833333333333333,0,346.4891,242.41617,-0.0007324219,-0.13545227
144,144,2.4,0,346.5627,242.57939,0.0736084,0.16322327
145,145,2.4166666666666665,0,346.6409,242.76003,0.078186035,0.18063354
146,146,2.433333333333333,0,346.64227,242.61746,0.001373291,-0.14256287
147,147,2.45,0,346.64484,242.4877,0.0025634766,-0.12976074
148,148,2.466666666666667,0,346.67157,242.60252,0.026733398,0.11482239
149,149,2.4833333333333334,0,346.67596,242.57735,0.0043945312,-0.025177002
150,150,2.5,0,346.66577,242.51341,-0.010192871,-0.063934326
151,151,2.5166666666666666,0,346.67682,242.57765,0.011047363,0.0642395
152,152,2.533333333333333,0,346.67703,242.57841,0.00021362305,0.00076293945
153,153,2.55,0,346.67715,242.57874,0.00012207031,0.00032043457
154,154,2.566666666666667,0,346.67206,242.54817,-0.0050964355,-0.030563354
155,155,2.5833333333333335,0,346.66943,242.52599,-0.0026245117,-0.02218628
156,156,2.6,0,346.67084,242.54895,0.0014038086,0.022964478
157,157,2.6166666666666667,0,346.67624,242.58018,0.0054016113,0.031234741
158,158,2.6333333333333333,0,346.65964,242.59627,-0.016601562,0.016082764
159,159,2.65,0,346.65268,242.6288,-0.006958008,0.03253174
160,160,2.6666666666666665,0,346.64038,242.56137,-0.012298584,-0.06742859
161,161,2.683333333333333,0,346.65134,242.62897,0.010955811,0.067596436
162,162,2.7,0,346.655,242.62273,0.0036621094,-0.0062408447
163,163,2.716666666666667,0,346.65494,242.61475,-6.1035156e-05,-0.007980347
164,164,2.7333333333333334,0,346.67786,242.50647,0.022918701,-0.10827637
165,165,2.75,0,346.68924,242.3244,0.011383057,-0.18206787
166,166,2.7666666666666666,0,346.63583,243.26776,-0.05340576,0.9433594
167,167,2.783333333333333,0,346.68387,242.33336,0.048034668,-0.93440247
168,168,2.8,0,346.67462,242.78261,-0.009246826,0.44924927
169,169,2.816666666666667,0,346.68408,242.37276,0.009460449,-0.40985107
170,170,2.8333333333333335,0,346.6868,242.37482,0.0027160645,0.0020599365
171,171,2.85,0,346.68628,242.3723,-0.0005187988,-0.0025177002
172,172,2.8666666666666667,0,346.66202,242.44815,-0.024261475,0.07585144
173,173,2.8833333333333333,0,346.64935,242.61453,-0.012664795,0.16638184
174,174,2.9,0,346.67822,242.37892,0.028869629,-0.23561096
175,175,2.9166666666666665,0,346.53394,242.76247,-0.14428711,0.38354492
176,176,2.933333333333333,0,346.55383,242.76578,0.019897461,0.0033111572
177,177,2.95,0,346.534,242.76129,-0.019836426,-0.004486084
178,178,2.966666666666667,0,346.54434,242.55069,0.010345459,-0.2106018
179,179,2.9833333333333334,0,346.5132,242.66116,-0.03112793,0.11047363
180,180,3.0,0,346.52982,242.52138,0.016601562,-0.13978577
181,181,3.0166666666666666,0,346.54623,242.40082,0.016418457,-0.12055969
182,182,3.033333333333333,0,346.54425,242.3945,-0.0019836426,-0.0063171387
183,183,3.05,0,346.54236,242.39314,-0.0018920898,-0.0013580322
184,184,3.066666666666667,0,346.46872,242.54411,-0.073638916,0.15097046
185,185,3.0833333333333335,0,346.51132,242.38344,0.04260254,-0.16067505
186,186,3.1,0,346.4883,242.38025,-0.023010254,-0.003189087
187,187,3.1166666666666667,0,346.47647,242.38072,-0.01184082,0.00047302246
188,188,3.1333333333333333,0,346.4705,242.39249,-0.0059814453,0.011764526
189,189,3.15,0,346.46927,242.41428,-0.0012207031,0.02178955
190,190,3.1666666666666665,0,346.46448,242.42558,-0.0047912598,0.011306763
191,191,3.183333333333333,0,346.46924,242.46262,0.004760742,0.03703308
192,192,3.2,0,346.4706,242.4739,0.001373291,0.011291504
193,193,3.216666666666667,0,346.47385,242.49416,0.0032348633,0.020248413
194,194,3.2333333333333334,0,346.47375,242.49458,-9.1552734e-05,0.0004272461
195,195,3.25,0,346.47424,242.4982,0.00048828125,0.003616333
196,196,3.2666666666666666,0,346.47562,242.50273,0.001373291,0.0045318604
197,197,3.283333333333333,0,346.47714,242.5057,0.0015258789,0.0029754639
198,198,3.3,0,346.47714,242.50542,0.0,-0.000289917
199,199,3.316666666666667,0,346.47708,242.50513,-6.1035156e-05,-0.000289917
200,200,3.3333333333333335,0,346.47678,242.50525,-0.00030517578,0.00012207031
201,201,3.35,0,346.47696,242.50499,0.00018310547,-0.0002593994
202,202,3.3666666666666667,0,346.47684,242.50513,-0.00012207031,0.0001373291
203,203,3.3833333333333333,0,346.4769,242.50516,6.1035156e-05,3.0517578e-05
204,204,3.4,0,346.47644,242.50166,-0.00045776367,-0.0034942627
205,205,3.4166666666666665,0,346.4763,242.50154,-0.00015258789,-0.00012207031
206,206,3.433333333333333,0,346.46317,242.54135,-0.013122559,0.03981018
207,207,3.45,0,346.4505,242.60396,-0.012664795,0.06260681
208,208,3.466666666666667,0,346.44186,242.60475,-0.008636475,0.00079345703
209,209,3.4833333333333334,0,346.45212,242.62727,0.010253906,0.022521973
210,210,3.5,0,346.452,242.62704,-0.00012207031,-0.00022888184
211,211,3.5166666666666666,0,346.452,242.627,0.0,-4.5776367e-05
212,212,3.533333333333333,0,346.44986,242.56897,-0.0021362305,-0.058029175
213,213,3.55,0,346.45132,242.53981,0.0014648438,-0.029159546
214,214,3.566666666666667,0,346.44125,242.4363,-0.010070801,-0.103515625
215,215,3.5833333333333335,0,346.43973,242.38844,-0.0015258789,-0.047851562
216,216,3.6,0,346.42462,242.33563,-0.015106201,-0.05281067
217,217,3.6166666666666667,0,346.4202,242.33505,-0.004425049,-0.000579834
218,218,3.6333333333333333,0,346.40747,242.3058,-0.01272583,-0.029251099
219,219,3.65,0,346.40756,242.32254,9.1552734e-05,0.016738892
220,220,3.6666666666666665,0,346.40973,242.33626,0.002166748,0.013717651
221,221,3.683333333333333,0,346.41165,242.35216,0.0019226074,0.015899658
222,222,3.7,0,346.41357,242.36494,0.0019226074,0.012786865
223,223,3.716666666666667,0,346.41785,242.38687,0.004272461,0.02192688
224,224,3.7333333333333334,0,346.41928,242.38428,0.0014343262,-0.0025939941
225,225,3.75,0,346.42093,242.38988,0.0016479492,0.0055999756
226,226,3.7666666666666666,0,346.30722,242.45753,-0.113708496,0.06765747
227,227,3.783333333333333,0,346.19083,242.53911,-0.11639404,0.08157349
228,228,3.8,0,346.18948,242.54822,-0.0013427734,0.009109497
229,229,3.816666666666667,0,346.1911,242.55275,0.0016174316,0.0045318604
230,230,3.8333333333333335,0,346.18982,242.55186,-0.0012817383,-0.00088500977
231,231,3.85,0,346.1911,242.5391,0.0012817383,-0.012771606
232,232,3.8666666666666667,0,346.18454,242.54442,-0.0065612793,0.0053253174
233,233,3.8833333333333333,0,346.18686,242.54755,0.002319336,0.0031280518
234,234,3.9,0,346.0586,242.53374,-0.12826538,-0.013809204
235,235,3.9166666666666665,0,345.9229,242.54439,-0.13568115,0.010650635
236,236,3.933333333333333,0,345.92294,242.5444,3.0517578e-05,1.5258789e-05
237,237,3.95,0,345.92297,242.54436,3.0517578e-05,-4.5776367e-05
238,238,3.966666666666667,0,345.9238,242.54973,0.0008239746,0.0053710938
239,239,3.9833333333333334,0,345.92365,242.55078,-0.00015258789,0.0010528564
240,240,4.0,0,345.92822,242.83324,0.0045776367,0.28245544
241,241,4.016666666666667,0,345.95288,242.82486,0.024658203,-0.008377075
242,242,4.033333333333333,0,346.21735,243.60873,0.26446533,0.7838745
243,243,4.05,0,345.9736,243.06038,-0.2437439,-0.5483551
244,244,4.066666666666666,0,345.7378,243.8172,-0.23580933,0.7568207
245,245,4.083333333333333,0,345.67987,244.30641,-0.057922363,0.48921204
246,246,4.1,0,345.6826,243.88185,0.0027160645,-0.42456055
247,247,4.116666666666666,0,343.69547,244.42764,-1.9871216,0.5457916
248,248,4.133333333333334,0,343.82446,235.77792,0.1289978,-8.649719
249,249,4.15,0,343.62842,237.24515,-0.19604492,1.4672241
250,250,4.166666666666667,0,344.90707,237.68532,1.278656,0.4401703
251,251,4.183333333333334,0,344.69293,242.92899,-0.21414185,5.2436676
252,252,4.2,0,345.31372,239.46204,0.6207886,-3.4669495
